17 211
16 207
15 210
15 2003
15 2002
15 177
15 176
14 722
13 979
13 978
13 723
13 467
13 466
13 178
13 172
13 1490
13 1235
13 1234
12 975
12 941
12 429
12 2515
12 2514
12 2259
12 2258
12 185
12 184
12 179
12 175
12 1747
12 1746
12 1491
11 942
11 940
11 822
11 688
11 658
11 463
11 428
11 173
11 153
11 152
11 1487
11 1453
10 946
10 945
10 944
10 943
10 821
10 791
10 790
10 684
10 433
10 432
10 430
10 174
10 154
10 1458
10 1457
10 1456
10 1454
10 1452
10 1334
10 1333
10 1332
10 1303
10 1302
10 1078
10 1077
10 1076
 9 954
 9 947
 9 86
 9 85
 9 84
 9 823
 9 820
 9 720
 9 719
 9 689
 9 685
 9 566
 9 565
 9 564
 9 535
 9 534
 9 440
 9 434
 9 431
 9 402
 9 342
 9 311
 9 310
 9 309
 9 308
 9 279
 9 278
 9 2771
 9 2770
 9 276
 9 2476
 9 2358
 9 2357
 9 2356
 9 2327
 9 223
 9 215
 9 21
 9 208
 9 20
 9 1999
 9 1968
 9 187
 9 186
 9 1591
 9 1590
 9 1589
 9 1588
 9 1559
 9 1558
 9 1455
 9 1426
 9 1425
 9 1335
 9 13
 9 1200
 9 1108
 9 1079
 9 1047
 9 1046
 8 976
 8 955
 8 952
 8 95
 8 94
 8 93
 8 922
 8 921
 8 914
 8 912
 8 87
 8 855
 8 854
 8 853
 8 789
 8 788
 8 690
 8 666
 8 657
 8 599
 8 598
 8 597
 8 596
 8 567
 8 55
 8 533
 8 532
 8 53
 8 52
 8 464
 8 441
 8 435
 8 410
 8 403
 8 401
 8 343
 8 341
 8 340
 8 277
 8 2583
 8 2582
 8 2511
 8 2507
 8 2506
 8 2505
 8 2504
 8 2481
 8 2480
 8 2359
 8 2326
 8 23
 8 2222
 8 22
 8 219
 8 2103
 8 2102
 8 2101
 8 2100
 8 2071
 8 2070
 8 2000
 8 1970
 8 1964
 8 1847
 8 1846
 8 1845
 8 1844
 8 1815
 8 1814
 8 1712
 8 1711
 8 1710
 8 1623
 8 1622
 8 1621
 8 1620
 8 1557
 8 1556
 8 155
 8 1459
 8 1427
 8 1424
 8 1367
 8 1366
 8 1365
 8 1301
 8 1300
 8 1232
 8 1203
 8 1201
 8 1198
 8 1170
 8 1169
 8 1168
 8 1111
 8 1110
 7 984
 7 953
 7 923
 7 920
 7 92
 7 913
 7 910
 7 909
 7 859
 7 852
 7 728
 7 691
 7 686
 7 665
 7 664
 7 656
 7 654
 7 652
 7 63
 7 62
 7 61
 7 60
 7 574
 7 573
 7 572
 7 543
 7 542
 7 541
 7 540
 7 54
 7 472
 7 400
 7 396
 7 351
 7 350
 7 349
 7 318
 7 317
 7 316
 7 31
 7 30
 7 29
 7 287
 7 286
 7 285
 7 284
 7 283
 7 282
 7 280
 7 28
 7 2581
 7 2580
 7 2520
 7 2512
 7 2491
 7 2488
 7 2483
 7 2482
 7 2478
 7 2477
 7 2391
 7 2390
 7 2389
 7 2325
 7 2324
 7 2256
 7 2233
 7 2220
 7 2194
 7 2135
 7 2134
 7 2133
 7 2132
 7 2069
 7 2068
 7 203
 7 2008
 7 1969
 7 1967
 7 1966
 7 191
 7 190
 7 189
 7 188
 7 1879
 7 1878
 7 1877
 7 1876
 7 1813
 7 1812
 7 1708
 7 1682
 7 16
 7 1488
 7 1422
 7 1421
 7 1364
 7 1292
 7 1231
 7 1209
 7 1202
 7 12
 7 1199
 7 1196
 7 1178
 7 1177
 7 1176
 7 1109
 7 1045
 7 1044
 7 1032
 6 991
 6 987
 6 986
 6 985
 6 974
 6 973
 6 969
 6 958
 6 957
 6 956
 6 915
 6 911
 6 91
 6 908
 6 90
 6 89
 6 88
 6 858
 6 857
 6 830
 6 83
 6 829
 6 828
 6 82
 6 81
 6 80
 6 799
 6 798
 6 79
 6 781
 6 780
 6 777
 6 721
 6 718
 6 716
 6 714
 6 713
 6 703
 6 702
 6 701
 6 700
 6 699
 6 698
 6 697
 6 687
 6 667
 6 659
 6 655
 6 653
 6 651
 6 607
 6 606
 6 605
 6 56
 6 549
 6 539
 6 538
 6 525
 6 524
 6 521
 6 51
 6 50
 6 49
 6 48
 6 479
 6 473
 6 47
 6 465
 6 462
 6 461
 6 46
 6 457
 6 45
 6 446
 6 445
 6 443
 6 442
 6 44
 6 43
 6 42
 6 41
 6 408
 6 40
 6 398
 6 397
 6 395
 6 39
 6 38
 6 37
 6 36
 6 348
 6 347
 6 319
 6 302
 6 301
 6 300
 6 299
 6 298
 6 297
 6 296
 6 2736
 6 2706
 6 27
 6 269
 6 268
 6 263
 6 2615
 6 2614
 6 2613
 6 2612
 6 26
 6 2523
 6 2522
 6 2521
 6 2519
 6 2518
 6 2517
 6 2516
 6 2513
 6 2503
 6 2502
 6 2501
 6 2500
 6 25
 6 2499
 6 2498
 6 2497
 6 2496
 6 2490
 6 2489
 6 2487
 6 2486
 6 2485
 6 2484
 6 2479
 6 2475
 6 2474
 6 2473
 6 2472
 6 2470
 6 2469
 6 2468
 6 2466
 6 2465
 6 2464
 6 2450
 6 2449
 6 2448
 6 24
 6 2388
 6 2362
 6 2342
 6 2340
 6 2322
 6 2234
 6 2227
 6 2226
 6 2225
 6 2224
 6 2223
 6 2221
 6 222
 6 221
 6 2203
 6 2202
 6 2200
 6 220
 6 2193
 6 2192
 6 216
 6 205
 6 202
 6 2014
 6 2013
 6 2012
 6 2011
 6 2010
 6 201
 6 2009
 6 2007
 6 2006
 6 2005
 6 2004
 6 2001
 6 200
 6 1998
 6 1997
 6 1996
 6 198
 6 1971
 6 1965
 6 196
 6 195
 6 194
 6 1938
 6 1937
 6 1936
 6 193
 6 192
 6 19
 6 1851
 6 183
 6 182
 6 181
 6 180
 6 18
 6 1744
 6 1721
 6 171
 6 1709
 6 170
 6 17
 6 1691
 6 1690
 6 169
 6 1689
 6 1681
 6 1680
 6 168
 6 167
 6 166
 6 165
 6 164
 6 163
 6 162
 6 1616
 6 1611
 6 1610
 6 161
 6 1609
 6 1608
 6 160
 6 159
 6 1584
 6 158
 6 1574
 6 1573
 6 1572
 6 1563
 6 1562
 6 156
 6 1555
 6 1552
 6 1544
 6 1543
 6 1542
 6 1503
 6 15
 6 1496
 6 1486
 6 1485
 6 1481
 6 1470
 6 1469
 6 1467
 6 1466
 6 1465
 6 1464
 6 1460
 6 1435
 6 1434
 6 1433
 6 1432
 6 1420
 6 14
 6 1311
 6 1310
 6 1307
 6 1306
 6 1293
 6 1291
 6 1244
 6 1228
 6 1226
 6 1225
 6 1220
 6 1211
 6 1210
 6 1197
 6 1179
 6 1165
 6 1164
 6 1163
 6 1092
 6 1086
 6 1085
 6 1084
 6 1055
 6 1054
 6 1051
 6 1050
 6 1037
 6 1036
 5 990
 5 989
 5 988
 5 983
 5 982
 5 981
 5 980
 5 977
 5 972
 5 971
 5 970
 5 968
 5 967
 5 966
 5 965
 5 964
 5 963
 5 962
 5 961
 5 960
 5 959
 5 951
 5 950
 5 949
 5 948
 5 939
 5 938
 5 937
 5 936
 5 935
 5 934
 5 933
 5 932
 5 931
 5 930
 5 929
 5 927
 5 925
 5 919
 5 918
 5 917
 5 916
 5 907
 5 906
 5 905
 5 904
 5 903
 5 902
 5 901
 5 900
 5 899
 5 898
 5 897
 5 896
 5 863
 5 862
 5 861
 5 860
 5 856
 5 851
 5 850
 5 849
 5 848
 5 847
 5 846
 5 845
 5 844
 5 843
 5 842
 5 841
 5 840
 5 839
 5 838
 5 837
 5 836
 5 835
 5 834
 5 833
 5 832
 5 831
 5 827
 5 826
 5 825
 5 824
 5 819
 5 818
 5 817
 5 816
 5 815
 5 814
 5 813
 5 812
 5 811
 5 810
 5 809
 5 808
 5 807
 5 806
 5 805
 5 804
 5 803
 5 797
 5 796
 5 795
 5 794
 5 793
 5 792
 5 787
 5 786
 5 785
 5 784
 5 783
 5 782
 5 78
 5 779
 5 778
 5 776
 5 775
 5 774
 5 773
 5 772
 5 771
 5 770
 5 77
 5 769
 5 768
 5 76
 5 75
 5 74
 5 735
 5 731
 5 730
 5 73
 5 729
 5 727
 5 726
 5 724
 5 717
 5 715
 5 712
 5 711
 5 710
 5 71
 5 709
 5 708
 5 707
 5 706
 5 705
 5 704
 5 70
 5 696
 5 695
 5 694
 5 693
 5 692
 5 69
 5 683
 5 682
 5 681
 5 680
 5 68
 5 679
 5 678
 5 677
 5 676
 5 675
 5 674
 5 673
 5 672
 5 67
 5 669
 5 668
 5 663
 5 662
 5 661
 5 660
 5 66
 5 650
 5 65
 5 649
 5 648
 5 647
 5 646
 5 645
 5 644
 5 64
 5 604
 5 603
 5 602
 5 601
 5 600
 5 595
 5 593
 5 592
 5 591
 5 590
 5 59
 5 589
 5 588
 5 587
 5 586
 5 585
 5 584
 5 583
 5 582
 5 581
 5 580
 5 58
 5 579
 5 578
 5 577
 5 576
 5 575
 5 571
 5 570
 5 57
 5 569
 5 568
 5 563
 5 562
 5 561
 5 560
 5 559
 5 558
 5 557
 5 556
 5 555
 5 554
 5 553
 5 552
 5 551
 5 550
 5 548
 5 537
 5 536
 5 531
 5 530
 5 529
 5 528
 5 527
 5 526
 5 523
 5 522
 5 520
 5 519
 5 518
 5 517
 5 516
 5 515
 5 514
 5 513
 5 512
 5 478
 5 476
 5 475
 5 474
 5 471
 5 470
 5 469
 5 468
 5 460
 5 459
 5 458
 5 456
 5 455
 5 454
 5 453
 5 452
 5 451
 5 450
 5 449
 5 448
 5 447
 5 444
 5 439
 5 438
 5 437
 5 436
 5 427
 5 426
 5 425
 5 424
 5 423
 5 422
 5 421
 5 420
 5 419
 5 418
 5 417
 5 416
 5 415
 5 414
 5 413
 5 411
 5 409
 5 407
 5 406
 5 405
 5 404
 5 399
 5 394
 5 393
 5 392
 5 391
 5 390
 5 389
 5 388
 5 387
 5 386
 5 385
 5 384
 5 35
 5 346
 5 345
 5 344
 5 34
 5 339
 5 338
 5 337
 5 336
 5 335
 5 334
 5 333
 5 332
 5 331
 5 330
 5 33
 5 329
 5 328
 5 327
 5 326
 5 325
 5 324
 5 323
 5 322
 5 321
 5 320
 5 32
 5 315
 5 314
 5 313
 5 312
 5 307
 5 306
 5 305
 5 304
 5 303
 5 295
 5 294
 5 293
 5 292
 5 291
 5 281
 5 2768
 5 274
 5 273
 5 272
 5 270
 5 266
 5 265
 5 2647
 5 2646
 5 2645
 5 2644
 5 264
 5 262
 5 261
 5 260
 5 2598
 5 2596
 5 259
 5 258
 5 2576
 5 257
 5 2566
 5 256
 5 2526
 5 2525
 5 2524
 5 2495
 5 2494
 5 2493
 5 2492
 5 2471
 5 2467
 5 2459
 5 2458
 5 2457
 5 2456
 5 2451
 5 2445
 5 2444
 5 2366
 5 2365
 5 2364
 5 2361
 5 2360
 5 2354
 5 2353
 5 2352
 5 2350
 5 2349
 5 2348
 5 2346
 5 2345
 5 2344
 5 2341
 5 2335
 5 2331
 5 2330
 5 2323
 5 2320
 5 2319
 5 2315
 5 2314
 5 2312
 5 2311
 5 2310
 5 2307
 5 2306
 5 2257
 5 2255
 5 2235
 5 2232
 5 2201
 5 2195
 5 2189
 5 2188
 5 218
 5 217
 5 214
 5 213
 5 2128
 5 212
 5 2107
 5 2097
 5 2096
 5 209
 5 2087
 5 2086
 5 2085
 5 2084
 5 2075
 5 2074
 5 2067
 5 2064
 5 206
 5 2056
 5 2055
 5 204
 5 2015
 5 199
 5 1979
 5 1978
 5 1977
 5 1976
 5 197
 5 1947
 5 1946
 5 1945
 5 1944
 5 1934
 5 1933
 5 1932
 5 1884
 5 1883
 5 1875
 5 1873
 5 1872
 5 1862
 5 1860
 5 1850
 5 1849
 5 1848
 5 1842
 5 1840
 5 1818
 5 1817
 5 1816
 5 1811
 5 1809
 5 1799
 5 1797
 5 1755
 5 1753
 5 1743
 5 1738
 5 1737
 5 1722
 5 1715
 5 1714
 5 1713
 5 1688
 5 1677
 5 1676
 5 1627
 5 1626
 5 1625
 5 1624
 5 1619
 5 1618
 5 1617
 5 1615
 5 1614
 5 1613
 5 1612
 5 1607
 5 1606
 5 1605
 5 1604
 5 1603
 5 1602
 5 1601
 5 1600
 5 1599
 5 1598
 5 1597
 5 1596
 5 1595
 5 1594
 5 1593
 5 1592
 5 1587
 5 1586
 5 1585
 5 1583
 5 1582
 5 1581
 5 1580
 5 1579
 5 1578
 5 1577
 5 1576
 5 1575
 5 157
 5 1567
 5 1566
 5 1565
 5 1564
 5 1561
 5 1560
 5 1554
 5 1553
 5 1551
 5 1550
 5 1549
 5 1548
 5 1547
 5 1546
 5 1545
 5 1541
 5 1540
 5 1539
 5 1538
 5 1502
 5 1501
 5 1499
 5 1498
 5 1497
 5 1495
 5 1494
 5 1493
 5 1492
 5 1489
 5 1484
 5 1483
 5 1482
 5 1480
 5 1479
 5 1478
 5 1477
 5 1476
 5 1475
 5 1474
 5 1473
 5 1472
 5 1471
 5 1468
 5 1461
 5 1451
 5 1450
 5 1449
 5 1448
 5 1447
 5 1446
 5 1445
 5 1444
 5 1443
 5 1442
 5 1441
 5 1440
 5 1438
 5 1437
 5 1431
 5 1430
 5 1429
 5 1428
 5 1423
 5 1419
 5 1418
 5 1417
 5 1416
 5 1415
 5 1414
 5 1413
 5 1412
 5 1375
 5 1374
 5 1373
 5 1372
 5 1371
 5 1370
 5 1369
 5 1368
 5 1363
 5 1362
 5 1361
 5 1342
 5 1341
 5 1340
 5 1331
 5 1330
 5 1329
 5 1328
 5 1327
 5 1326
 5 1325
 5 1324
 5 1323
 5 1322
 5 1321
 5 1320
 5 1319
 5 1318
 5 1317
 5 1316
 5 1309
 5 1308
 5 1305
 5 1304
 5 1299
 5 1298
 5 1297
 5 1296
 5 1295
 5 1294
 5 1290
 5 1289
 5 1288
 5 1287
 5 1286
 5 1285
 5 1284
 5 1283
 5 1282
 5 1281
 5 1280
 5 1246
 5 1245
 5 1243
 5 1242
 5 1241
 5 1240
 5 1239
 5 1238
 5 1237
 5 1236
 5 1233
 5 1230
 5 1229
 5 1227
 5 1224
 5 1223
 5 1222
 5 1221
 5 1219
 5 1218
 5 1217
 5 1216
 5 1215
 5 1214
 5 1208
 5 1207
 5 1206
 5 1205
 5 1204
 5 1195
 5 1194
 5 1193
 5 1192
 5 1191
 5 1190
 5 1189
 5 1188
 5 1187
 5 1186
 5 1185
 5 1184
 5 1183
 5 1175
 5 1174
 5 1173
 5 1172
 5 1171
 5 1167
 5 1166
 5 1162
 5 1161
 5 1160
 5 1159
 5 1158
 5 1157
 5 1156
 5 1155
 5 1154
 5 1153
 5 1152
 5 1119
 5 1118
 5 1117
 5 1116
 5 1115
 5 1114
 5 1113
 5 1112
 5 1107
 5 1106
 5 1105
 5 1104
 5 1103
 5 1102
 5 1101
 5 1100
 5 1099
 5 1098
 5 1097
 5 1096
 5 1095
 5 1094
 5 1093
 5 1091
 5 1090
 5 1089
 5 1088
 5 1087
 5 1083
 5 1082
 5 1081
 5 1080
 5 1075
 5 1074
 5 1073
 5 1072
 5 1071
 5 1070
 5 1069
 5 1068
 5 1067
 5 1066
 5 1065
 5 1064
 5 1063
 5 1062
 5 1061
 5 1060
 5 1059
 5 1058
 5 1057
 5 1056
 5 1053
 5 1052
 5 1049
 5 1048
 5 1043
 5 1042
 5 1041
 5 1040
 5 1039
 5 1038
 5 1035
 5 1034
 5 1033
 5 1031
 5 1030
 5 1029
 5 1028
 5 1027
 5 1026
 5 1025
 5 1024
 4 926
 4 924
 4 802
 4 801
 4 800
 4 734
 4 733
 4 732
 4 72
 4 671
 4 670
 4 547
 4 546
 4 545
 4 544
 4 477
 4 412
 4 290
 4 289
 4 288
 4 275
 4 2735
 4 2734
 4 2715
 4 2714
 4 2713
 4 2712
 4 271
 4 267
 4 2608
 4 2601
 4 2600
 4 2599
 4 2597
 4 2595
 4 2594
 4 2592
 4 2591
 4 2590
 4 2589
 4 2588
 4 2587
 4 2586
 4 2585
 4 2584
 4 2579
 4 2578
 4 2577
 4 2575
 4 2574
 4 2573
 4 2572
 4 2568
 4 2567
 4 2565
 4 2564
 4 2563
 4 2562
 4 2561
 4 2560
 4 2527
 4 2510
 4 2509
 4 2508
 4 2463
 4 2462
 4 2461
 4 2455
 4 2454
 4 2453
 4 2452
 4 2447
 4 2446
 4 2443
 4 2442
 4 2441
 4 2440
 4 2439
 4 2438
 4 2437
 4 2436
 4 2435
 4 2434
 4 2433
 4 2432
 4 2399
 4 2398
 4 2397
 4 2396
 4 2395
 4 2394
 4 2393
 4 2392
 4 2387
 4 2386
 4 2385
 4 2384
 4 2383
 4 2382
 4 2381
 4 2380
 4 2379
 4 2378
 4 2377
 4 2376
 4 2375
 4 2374
 4 2373
 4 2372
 4 2371
 4 2370
 4 2369
 4 2368
 4 2367
 4 2363
 4 2355
 4 2351
 4 2347
 4 2343
 4 2338
 4 2337
 4 2336
 4 2334
 4 2333
 4 2332
 4 2329
 4 2328
 4 2321
 4 2318
 4 2317
 4 2316
 4 2313
 4 2309
 4 2308
 4 2305
 4 2304
 4 2270
 4 2269
 4 2268
 4 2267
 4 2266
 4 2265
 4 2264
 4 2263
 4 2262
 4 2261
 4 2260
 4 2254
 4 2253
 4 2252
 4 2251
 4 2250
 4 2249
 4 2248
 4 2247
 4 2246
 4 2245
 4 2244
 4 2243
 4 2242
 4 2241
 4 2240
 4 2239
 4 2231
 4 2230
 4 2229
 4 2228
 4 2219
 4 2218
 4 2217
 4 2216
 4 2215
 4 2214
 4 2213
 4 2212
 4 2211
 4 2210
 4 2209
 4 2208
 4 2207
 4 2206
 4 2199
 4 2198
 4 2197
 4 2196
 4 2191
 4 2187
 4 2185
 4 2184
 4 2183
 4 2181
 4 2180
 4 2179
 4 2177
 4 2176
 4 2143
 4 2142
 4 2141
 4 2140
 4 2139
 4 2138
 4 2137
 4 2136
 4 2131
 4 2130
 4 2129
 4 2127
 4 2126
 4 2125
 4 2124
 4 2123
 4 2122
 4 2121
 4 2120
 4 2119
 4 2118
 4 2117
 4 2116
 4 2115
 4 2114
 4 2113
 4 2112
 4 2111
 4 2110
 4 2109
 4 2108
 4 2106
 4 2105
 4 2104
 4 2099
 4 2098
 4 2095
 4 2094
 4 2093
 4 2092
 4 2091
 4 2090
 4 2089
 4 2088
 4 2083
 4 2082
 4 2081
 4 2080
 4 2079
 4 2078
 4 2077
 4 2076
 4 2073
 4 2072
 4 2066
 4 2065
 4 2063
 4 2062
 4 2061
 4 2060
 4 2059
 4 2058
 4 2057
 4 2054
 4 2053
 4 2052
 4 2051
 4 2050
 4 2049
 4 2048
 4 1995
 4 1994
 4 1993
 4 1992
 4 1991
 4 1990
 4 1989
 4 1988
 4 1987
 4 1986
 4 1985
 4 1984
 4 1975
 4 1974
 4 1973
 4 1972
 4 1963
 4 1959
 4 1958
 4 1957
 4 1956
 4 1955
 4 1954
 4 1953
 4 1952
 4 1943
 4 1942
 4 1941
 4 1940
 4 1939
 4 1935
 4 1931
 4 1930
 4 1929
 4 1928
 4 1927
 4 1926
 4 1925
 4 1924
 4 1923
 4 1922
 4 1921
 4 1920
 4 1887
 4 1886
 4 1885
 4 1882
 4 1881
 4 1880
 4 1874
 4 1871
 4 1870
 4 1869
 4 1868
 4 1867
 4 1866
 4 1864
 4 1863
 4 1861
 4 1859
 4 1858
 4 1857
 4 1856
 4 1855
 4 1853
 4 1852
 4 1843
 4 1841
 4 1839
 4 1838
 4 1837
 4 1836
 4 1835
 4 1834
 4 1833
 4 1832
 4 1831
 4 1830
 4 1829
 4 1828
 4 1823
 4 1822
 4 1821
 4 1820
 4 1819
 4 1810
 4 1808
 4 1807
 4 1806
 4 1805
 4 1804
 4 1803
 4 1802
 4 1801
 4 1800
 4 1798
 4 1796
 4 1795
 4 1794
 4 1793
 4 1792
 4 1759
 4 1754
 4 1752
 4 1751
 4 1750
 4 1749
 4 1748
 4 1745
 4 1742
 4 1741
 4 1740
 4 1739
 4 1736
 4 1735
 4 1734
 4 1733
 4 1732
 4 1731
 4 1730
 4 1729
 4 1728
 4 1727
 4 1726
 4 1720
 4 1719
 4 1718
 4 1717
 4 1716
 4 1707
 4 1706
 4 1705
 4 1704
 4 1703
 4 1701
 4 1700
 4 1699
 4 1698
 4 1697
 4 1696
 4 1694
 4 1687
 4 1686
 4 1685
 4 1684
 4 1683
 4 1679
 4 1678
 4 1675
 4 1674
 4 1673
 4 1672
 4 1671
 4 1670
 4 1669
 4 1668
 4 1667
 4 1666
 4 1665
 4 1664
 4 1631
 4 1630
 4 1629
 4 1628
 4 1571
 4 1570
 4 1569
 4 1568
 4 1537
 4 1536
 4 1500
 4 1462
 4 1439
 4 1436
 4 1360
 4 1359
 4 1358
 4 1357
 4 1356
 4 1355
 4 1354
 4 1353
 4 1352
 4 1351
 4 1350
 4 1349
 4 1348
 4 1347
 4 1346
 4 1345
 4 1344
 4 1343
 4 1339
 4 1338
 4 1337
 4 1336
 4 1315
 4 1314
 4 1313
 4 1312
 4 1247
 4 1213
 4 1212
 4 1182
 4 1181
 4 1180
 3 928
 3 725
 3 594
 3 2745
 3 2738
 3 2737
 3 2707
 3 2705
 3 2701
 3 2700
 3 2692
 3 2653
 3 2652
 3 2651
 3 2650
 3 2649
 3 2648
 3 2643
 3 2642
 3 2641
 3 2640
 3 2635
 3 2634
 3 2633
 3 2632
 3 2631
 3 2630
 3 2629
 3 2628
 3 2627
 3 2626
 3 2625
 3 2624
 3 2623
 3 2622
 3 2621
 3 2620
 3 2619
 3 2618
 3 2617
 3 2616
 3 2611
 3 2610
 3 2609
 3 2607
 3 2606
 3 2605
 3 2604
 3 2603
 3 2602
 3 2593
 3 2571
 3 2570
 3 2569
 3 2460
 3 2339
 3 2238
 3 2237
 3 2236
 3 2205
 3 2204
 3 2186
 3 2182
 3 2178
 3 1983
 3 1982
 3 1981
 3 1980
 3 1962
 3 1961
 3 1960
 3 1951
 3 1950
 3 1949
 3 1948
 3 1865
 3 1827
 3 1826
 3 1825
 3 1824
 3 1758
 3 1757
 3 1756
 3 1725
 3 1724
 3 1723
 3 1702
 3 1695
 3 1693
 3 1692
 3 1463
 2 2782
 2 2781
 2 2780
 2 2769
 2 2747
 2 2746
 2 2744
 2 2733
 2 2732
 2 2729
 2 2720
 2 2719
 2 2718
 2 2717
 2 2716
 2 2711
 2 2710
 2 2709
 2 2708
 2 2704
 2 2703
 2 2702
 2 2699
 2 2698
 2 2697
 2 2696
 2 2695
 2 2694
 2 2693
 2 2691
 2 2690
 2 2689
 2 2688
 2 2655
 2 2654
 2 2639
 2 2638
 2 2637
 2 2636
 2 2271
 2 1854
 1 2783
 1 2779
 1 2778
 1 2777
 1 2776
 1 2775
 1 2774
 1 2773
 1 2772
 1 2767
 1 2766
 1 2765
 1 2764
 1 2763
 1 2762
 1 2761
 1 2760
 1 2759
 1 2758
 1 2757
 1 2756
 1 2755
 1 2754
 1 2753
 1 2752
 1 2751
 1 2750
 1 2749
 1 2748
 1 2743
 1 2742
 1 2741
 1 2740
 1 2739
 1 2731
 1 2730
 1 2728
 1 2727
 1 2726
 1 2725
 1 2724
 1 2723
 1 2722
 1 2721
