4 1 4060
7 1 4060
8 1 4060
11 1 4060
12 1 4060
15 1 4060
16 1 4060
19 1 4060
20 1 4060
23 1 4060
24 1 4060
25 1 4060
26 1 4060
27 1 4060
28 1 4060
29 1 4060
30 1 4060
31 1 4060
32 1 0
33 1 0
34 1 0
35 1 0
36 1 0
37 1 0
38 1 0
39 1 0
40 1 0
41 1 0
42 1 0
43 1 100
44 1 100
45 1 100
46 1 100
47 1 100
48 1 100
49 1 100
50 1 100
51 1 100
52 1 100
53 1 0
54 1 0
55 1 110
56 1 110
57 1 110
58 1 110
59 1 110
60 1 110
61 1 110
62 1 0
63 1 0
64 1 4060
65 1 4060
66 1 4060
67 1 0
68 1 4060
69 1 4060
70 1 4060
71 1 0
72 1 4060
73 1 4060
74 1 4060
75 1 0
76 1 4060
77 1 4060
78 1 4060
79 1 0
80 1 4060
81 1 4060
82 1 4060
83 1 0
84 1 4060
85 1 4060
86 1 4060
87 1 0
88 1 4060
89 1 4060
90 1 4060
91 1 0
92 1 4060
93 1 4060
94 1 4060
95 1 0
100 1 4060
101 1 4060
102 1 4060
103 1 4060
104 1 4060
105 1 4060
106 1 4060
107 1 4060
108 1 4060
109 1 4060
110 1 4060
111 1 4060
112 1 4060
113 1 4060
114 1 4060
115 1 4060
116 1 4060
117 1 4060
118 1 4060
119 1 4060
120 1 4060
121 1 4060
122 1 4060
123 1 4060
124 1 4060
125 1 4060
126 1 4060
127 1 4060
128 1 4060
129 1 4060
130 1 4060
131 1 4060
132 1 4060
133 1 4060
134 1 4060
135 1 4060
136 1 4060
137 1 4060
138 1 4060
139 1 4060
140 1 4060
141 1 4060
142 1 4060
143 1 4060
144 1 4060
145 1 4060
146 1 4060
147 1 4060
148 1 0
149 1 0
150 1 0
151 1 0
152 1 4060
153 1 4060
154 1 4060
155 1 4060
156 1 4060
157 1 4060
158 1 4060
159 1 4060
160 1 4060
161 1 4060
162 1 4091
163 1 4091
164 1 4091
165 1 4091
166 1 4091
167 1 4091
168 1 4091
169 1 4091
170 1 4091
171 1 4091
172 1 4091
173 1 4091
174 1 4091
175 1 4091
176 1 4091
177 1 4091
178 1 4091
179 1 4091
180 1 4091
181 1 4091
182 1 4091
183 1 0
184 1 4091
185 1 4091
186 1 4091
187 1 4091
188 1 4091
189 1 4091
190 1 4091
191 1 4091
192 1 4091
193 1 4091
194 1 4091
195 1 4091
204 1 4091
205 1 4091
206 1 4091
207 1 4091
208 1 4091
209 1 4091
210 1 4091
211 1 4091
212 1 4091
213 1 4091
214 1 4091
215 1 4091
216 1 4091
217 1 4091
218 1 4091
219 1 4091
220 1 4091
221 1 4091
222 1 4091
223 1 4091
224 1 4091
225 1 4091
226 1 4091
227 1 4091
228 1 4091
229 1 4091
230 1 4091
231 1 4091
232 1 4091
233 1 4091
234 1 4091
235 1 0
236 1 0
237 1 0
238 1 0
239 1 0
240 1 0
241 1 0
242 1 0
243 1 0
244 1 0
245 1 0
246 1 0
247 1 0
248 1 0
249 1 0
250 1 0
251 1 0
252 1 0
253 1 0
254 1 0
255 1 0
256 1 0 errors in wamd log
257 1 0
258 1 0
259 1 0
260 1 0
261 1 0
262 1 0
263 1 0
264 1 0
265 1 0
266 1 0
267 1 0
268 1 0
269 1 0
270 1 230
271 1 230
272 1 230
273 1 230
274 1 230
275 1 230
276 1 230
277 1 230
278 1 230
279 1 230
280 1 230
281 1 0
282 1 0
283 1 0
284 1 0
285 1 0
286 1 0
287 1 0
288 1 0 errors in wamd log
289 1 0
290 1 0
291 1 0
292 1 0
293 1 480
294 1 480
295 1 480
300 1 480
301 1 480
302 1 480
303 1 480
304 1 480
305 1 480
306 1 480
307 1 480
308 1 480
309 1 480
310 1 8091
311 1 480
312 1 4091
313 1 4091
314 1 4091
315 1 4091
316 1 4091
317 1 4091
318 1 4091
319 1 4091
320 1 4091
321 1 4091
322 1 4091
323 1 4091
324 1 4091
325 1 4091
326 1 4091
327 1 4091
328 1 4091
329 1 4091
330 1 4091
331 1 4091
332 1 4091
333 1 4091
334 1 4091
335 1 4091
336 1 4091
337 1 4091
338 1 4091
339 1 4091
340 1 4091
341 1 4091
342 1 4091
343 1 4091
344 1 4091
345 1 4091
346 1 4091
347 1 4091
348 1 0
349 1 0
350 1 0
351 1 0
352 1 4091
353 1 4091
354 1 4091
355 1 4091
356 1 4091
357 1 4091
358 1 4091
359 1 4091
360 1 4091
361 1 4091
362 1 4091
363 1 4091
364 1 4091
365 1 4091
366 1 4091
367 1 4091
368 1 4091
369 1 4091
370 1 4091
371 1 4091
372 1 4091
373 1 4091
374 1 4091
375 1 4091
376 1 4091
377 1 4091
378 1 4091
379 1 0
380 1 0
381 1 0
382 1 0
383 1 0
384 1 0
385 1 0
386 1 0
387 1 0
388 1 0
389 1 0
390 1 0
391 1 0
392 1 0
393 1 0
394 1 0
395 1 0
400 1 0
401 1 0
402 1 0
403 1 0
404 1 0
405 1 0
406 1 0
407 1 0
408 1 0
409 1 0
410 1 0
411 1 0
412 1 0
413 1 0
414 1 0
415 1 0
416 1 0
417 1 0
418 1 0
419 1 0
420 1 0
421 1 0
422 1 0
423 1 0
424 1 0
425 1 0
426 1 0
427 1 0
428 1 0
429 1 0
430 1 0
431 1 0
432 1 0
433 1 0
434 1 0
435 1 0
436 1 0
437 1 0
438 1 0
439 1 0
440 1 0
441 1 0
442 1 0
443 1 0
444 1 0
445 1 0
446 1 0
447 1 0
448 1 0
449 1 0
450 1 0
451 1 0
452 1 0
453 1 0
454 1 0
455 1 0
456 1 0
457 1 0
458 1 0
459 1 0
460 1 0
461 1 0
462 1 0
463 1 0
464 1 0
465 1 0
466 1 0
467 1 0
468 1 0
469 1 0
470 1 0
471 1 0
472 1 0
473 1 0
474 1 0
475 1 0
476 1 0
477 1 0
478 1 0
479 1 0
480 1 0
481 1 0
482 1 0
483 1 0
484 1 0
485 1 0
486 1 0
487 1 0
488 1 0
489 1 0
490 1 0
491 1 0
492 1 0
493 1 0
494 1 0
495 1 0
500 1 0
503 1 0
504 1 0
505 1 0
506 1 0
507 1 0
508 1 0
509 1 0
510 1 0
511 1 0
512 1 0
513 1 0
514 1 0
515 1 0
516 1 0
517 1 0
518 1 0
519 1 0
520 1 0
521 1 0
522 1 0
523 1 0
524 1 0
525 1 0
526 1 0
527 1 0
528 1 0
529 1 0
530 1 0
531 1 0
532 1 0
533 1 0
534 1 0
535 1 0
536 1 0
537 1 0
538 1 0
539 1 0
540 1 0
541 1 0
542 1 0
543 1 0
544 1 0
545 1 0
546 1 0
547 1 0
548 1 0
549 1 0
550 1 0
551 1 0
552 1 0
553 1 0
554 1 0
555 1 0
556 1 0
557 1 0
558 1 0
559 1 0
560 1 0
561 1 0
562 1 0
563 1 0
564 1 0
565 1 0
566 1 0
567 1 0
568 1 0
569 1 0
570 1 0
571 1 0
572 1 0
573 1 0
574 1 0
575 1 0
576 1 0
577 1 0
578 1 0
579 1 0
580 1 0
581 1 0
582 1 0
583 1 0
584 1 0
585 1 0
586 1 0
587 1 0
588 1 0
589 1 0
590 1 0
591 1 0
592 1 0
593 1 0
594 1 0
595 1 0
600 1 0
601 1 0
602 1 0
603 1 0
604 1 0
605 1 0
606 1 0
607 1 0
608 1 0
609 1 0
610 1 0
611 1 0
612 1 0
613 1 4094
614 1 4094
615 1 4094
616 1 4094
617 1 4094
618 1 4094
619 1 4094
620 1 4094
621 1 4094
622 1 4094
623 1 4094
624 1 4094
625 1 4094
626 1 4094
627 1 4094
628 1 4094
629 1 4094
630 1 4094
631 1 4094
632 1 4094
633 1 4094
634 1 4094
635 1 4094
636 1 4094
637 1 4094
638 1 4094
639 1 4094
640 1 4094
641 1 4094
642 1 4094
643 1 4094
644 1 4094
645 1 4094
646 1 4094
647 1 4094
648 1 0
649 1 0
650 1 0
651 1 0
652 1 4094
653 1 4094
654 1 4094
655 1 4094
656 1 4094
657 1 4094
658 1 4094
659 1 0
660 1 4094
661 1 4094
662 1 4094
663 1 4094
664 1 4094
665 1 4094
666 1 4094
667 1 4094
668 1 4094
669 1 4094
670 1 4094
671 1 4094
672 1 4094
673 1 4094
674 1 4094
675 1 4094
676 1 4094
677 1 4094
678 1 4094
679 1 4094
680 1 4094
681 1 4094
682 1 4094
683 1 0
684 1 4094
685 1 4094
686 1 4094
687 1 4094
688 1 4094
689 1 4094
690 1 4094
691 1 4094
692 1 4094
693 1 4094
694 1 4094
695 1 4094
700 1 4094
701 1 4094
702 1 4094
703 1 4094
704 1 4094
705 1 4094
706 1 4094
707 1 4094
708 1 4094
709 1 4094
710 1 4094
711 1 4094
712 1 4094
713 1 4094
714 1 4094
715 1 4094
716 1 4094
717 1 4094
718 1 4094
719 1 0
720 1 0
721 1 0
722 1 0
723 1 0
724 1 0
725 1 0
726 1 0
727 1 0
728 1 0
729 1 0
730 1 0
731 1 0
732 1 0
733 1 0
734 1 0
735 1 0
736 1 0
737 1 0
738 1 0
739 1 0
740 1 0
741 1 0
742 1 0
743 1 0
744 1 0
745 1 0
746 1 0
747 1 0
748 1 0
749 1 0
750 1 0
751 1 0
752 1 0
753 1 0
754 1 0
755 1 0
756 1 0
757 1 0
758 1 0
759 1 0
760 1 0
761 1 0
762 1 0
763 1 0
764 1 0
765 1 0
766 1 0
767 1 0
768 1 0
769 1 0
770 1 0
771 1 0
772 1 0
773 1 0
774 1 0
775 1 0
776 1 0
777 1 0
778 1 0
779 1 0
780 1 0
781 1 0
782 1 0
783 1 0
784 1 0
785 1 0
786 1 0
787 1 0
788 1 0
789 1 0
790 1 0
791 1 0
792 1 0
793 1 0
794 1 0
795 1 0
800 1 0
801 1 0
802 1 0
803 1 0
804 1 0
805 1 0
806 1 0
807 1 0
808 1 0
809 1 0
810 1 0
811 1 0
812 1 0
813 1 0
814 1 0
815 1 0
816 1 0
817 1 0
818 1 0
819 1 0
820 1 0
821 1 0
822 1 0
823 1 0
824 1 0
825 1 0
826 1 0
827 1 0
828 1 0
829 1 0
830 1 0
831 1 0
832 1 0
833 1 0
834 1 0
835 1 0
836 1 0
837 1 0
838 1 0
839 1 0
840 1 0
841 1 0
842 1 0
843 1 0
844 1 0
845 1 0
846 1 0
847 1 0
848 1 0
849 1 0
850 1 0
851 1 0
852 1 0
853 1 0
854 1 0
855 1 0
856 1 0
857 1 0
858 1 0
859 1 0
860 1 0
861 1 0
862 1 0
863 1 0
864 1 0
865 1 0
866 1 0
867 1 0
868 1 0
869 1 0
870 1 0
871 1 0
872 1 0
873 1 0
874 1 0
875 1 0
876 1 0
877 1 0
878 1 0
879 1 0
880 1 0
881 1 0
882 1 0
883 1 0
884 1 0
885 1 0
886 1 0
887 1 0
888 1 0
889 1 0
890 1 0
891 1 0
892 1 0
893 1 0
894 1 0
895 1 0
900 1 0
901 1 0
902 1 0
903 1 0
904 1 0
905 1 0
906 1 0
907 1 0
908 1 0
909 1 0
910 1 0
911 1 0
912 1 0
913 1 0
914 1 0
915 1 0
916 1 0
917 1 0
918 1 0
919 1 0
920 1 0
921 1 0
922 1 0
923 1 0
924 1 0
925 1 0
926 1 0
927 1 0
928 1 0
929 1 0
930 1 0
931 1 0
932 1 0
933 1 0
934 1 0
935 1 0
936 1 0
937 1 0
938 1 0
939 1 0
940 1 0
941 1 0
942 1 0
943 1 0
944 1 0
945 1 0
946 1 0
947 1 0
948 1 0
949 1 0
950 1 0
951 1 0
952 1 0
953 1 0
954 1 0
955 1 0
956 1 0
957 1 0
958 1 0
959 1 0
960 1 0
961 1 0
962 1 0
963 1 0
964 1 0
965 1 0
966 1 0
967 1 0
968 1 0
969 1 0
970 1 0
971 1 0
972 1 0
973 1 0
974 1 0
975 1 0
976 1 0
977 1 0
978 1 0
979 1 0
980 1 0
981 1 0
982 1 0
983 1 0
984 1 0
985 1 0
986 1 0
987 1 0
988 1 0
989 1 0
990 1 0
991 1 0
992 1 0
993 1 0
994 1 0
995 1 0
1000 1 0
1001 1 0
1002 1 0
1003 1 0
1004 1 0
1005 1 0
1006 1 0
1007 1 0
1008 1 0
1009 1 0
1010 1 0
1011 1 0
1012 1 0
1013 1 0
1014 1 0
1015 1 0
1016 1 0
1017 1 0
1018 1 0
1019 1 0
1020 1 0
1021 1 0
1022 1 0
1023 1 0
1024 1 0
1025 1 0
1026 1 0
1027 1 0
1028 1 0
1029 1 0
1030 1 0
1031 1 0
1032 1 0
1033 1 0
1034 1 0
1035 1 0
1036 1 0
1037 1 0
1038 1 0
1039 1 0
1040 1 0
1041 1 0
1042 1 0
1043 1 0
1044 1 0
1045 1 0
1046 1 0
1047 1 0
1048 1 0
1049 1 0
1050 1 0
1051 1 0
1052 1 0
1053 1 0
1054 1 0
1055 1 0
1056 1 0
1057 1 0
1058 1 0
1059 1 0
1060 1 0
1061 1 0
1062 1 0
1063 1 0
1064 1 0
1065 1 0
1066 1 0
1067 1 0
1068 1 0
1069 1 0
1070 1 0
1071 1 0
1072 1 0
1073 1 0
1074 1 0
1075 1 0
1076 1 0
1077 1 0
1078 1 0
1079 1 0
1080 1 0
1081 1 0
1082 1 0
1083 1 0
1084 1 0
1085 1 0
1086 1 0
1087 1 0
1088 1 0
1089 1 0
1090 1 0
1091 1 0
1092 1 0
1093 1 0
1094 1 0
1095 1 0
