12	1	4864
13	1	0
14	1	0
15	1	0
16	1	0
17	1	4864
18	1	500
19	1	4864
20	1	0
21	1	0
22	1	4864
23	1	0
24	1	13
25	1	0
26	1	27
27	1	500
28	1	0
29	1	14
30	1	0
31	1	0
32	1	27
33	1	0
34	1	0
35	1	278
36	1	0
37	1	0
38	1	4864
39	1	0
40	1	0
41	1	4864
42	1	4864
43	1	27
44	1	4864
45	1	4864
46	1	4864
47	1	4864
48	1	0
49	1	500
50	1	4864
51	1	0
52	1	0
53	1	0
54	1	0
55	1	500
56	1	0
57	1	4864
58	1	0
59	1	4864
60	1	58
61	1	4864
62	1	4864
63	1	0
64	1	0
65	1	0
66	1	4864
67	1	0
68	1	0
69	1	0
70	1	4864
71	1	278
72	1	0
73	1	0
74	1	278
75	1	4864
76	1	4864
77	1	0
78	1	0
79	1	0
80	1	0
81	1	0
82	1	0
83	1	0
84	1	4864
85	1	0
86	1	0
87	1	0
88	1	4864
89	1	0
90	1	0
91	1	4864
92	1	0
93	1	0
94	1	0
95	1	500
152	1	4864
153	1	0
154	1	0
155	1	0
156	1	0
157	1	4864
158	1	0
159	1	0
160	1	0
161	1	0
162	1	4864
163	1	0
164	1	0
165	1	0
166	1	0
167	1	0
168	1	0
169	1	0
170	1	0
171	1	0
172	1	4864
173	1	0
174	1	0
175	1	4864
176	1	0
177	1	0 
178	1	0
179	1	0
180	1	0
181	1	0
182	1	0
183	1	4864
184	1	278
186	1	0
187	1	4864
188	1	4864
189	1	0
190	1	48
191	1	0
192	1	4864
193	1	0
194	1	0
195	1	0
196	1	0
197	1	278
198	1	0
199	1	0
200	1	0
201	1	4864
202	1	500
203	1	4864
204	1	0
205	1	0
206	1	0
207	1	0
208	1	0
209	1	0
210	1	4864
211	1	0
212	1	0
213	1	500
214	1	4864
215	1	0
216	1	0
217	1	0
218	1	0
219	1	4864
220	1	4864
221	1	4864
222	1	0
223	1	0
256	1	0
257	1	0
258	1	0
259	1	4864
260	1	0
261	1	278
262	1	0
263	1	4864
264	1	4864
265	1	0
266	1	0
267	1	0
268	1	0
269	1	4864
270	1	27
271	1	0
272	1	4884
273	1	4864
274	1	0
275	1	0 
276	1	278
277	1	0
278	1	50
279	1	0
280	1	0
281	1	27
282	1	4864
283	1	0
284	1	0
285	1	4864
286	1	4864
287	1	0
288	1	0
289	1	0
290	1	0
291	1	0
292	1	278
293	1	0
294	1	0
295	1	0
296	1	0
297	1	0
298	1	0
299	1	0
300	1	4864
301	1	20
302	1	278
303	1	4864
304	1	4864
305	1	0
306	1	4864
307	1	0
308	1	0
309	1	0
310	1	4864
311	1	4864
312	1	0
313	1	0
314	1	0
315	1	0
316	1	50
317	1	4864
318	1	0
319	1	278
320	1	0
321	1	4864
322	1	4864
323	1	0
324	1	0
325	1	0
326	1	0
327	1	27
328	1	0
329	1	0
330	1	0
331	1	0
332	1	0
333	1	0
334	1	0
335	1	0
336	1	0
337	1	0
338	1	4864
339	1	0
340	1	0
341	1	48
342	1	0
343	1	278
344	1	500
345	1	278
346	1	0
347	1	4864
348	1	0
349	1	0
350	1	0
351	1	4864
384	1	0
385	1	500
386	1	0
387	1	0
388	1	0
389	1	4864
390	1	4864
391	1	0
392	1	278
393	1	0
394	1	4864
395	1	0
396	1	0
397	1	278
398	1	0
399	1	4864
400	1	0
401	1	0
402	1	278
403	1	0
404	1	50
405	1	4864
406	1	0
407	1	0
408	1	0
409	1	4864
410	1	0
411	1	0
412	1	0
413	1	0
414	1	0
415	1	0
416	1	4864
417	1	0
418	1	27
419	1	0
420	1	58
421	1	0
422	1	0
423	1	27
424	1	0
425	1	0
426	1	4864
427	1	0
428	1	20
429	1	4864
430	1	278
431	1	500
432	1	500
433	1	4864
434	1	4864
435	1	4864
436	1	0
437	1	0
438	1	0
439	1	4864
440	1	0
441	1	0
442	1	0
443	1	0
444	1	0
445	1	4864
446	1	27
447	1	4864
448	1	0
449	1	0
450	1	4864
451	1	0
452	1	0
453	1	0
454	1	20
455	1	0
456	1	4864
457	1	4864
458	1	0
459	1	4864
460	1	58
461	1	4864
462	1	4864
463	1	0
464	1	278
465	1	0
466	1	0
467	1	0
468	1	4864
469	1	0
470	1	0
471	1	0
472	1	0
473	1	4864
474	1	0
475	1	0
476	1	0
477	1	4864
478	1	4864
479	1	0
512	1	4864
513	1	0
514	1	0
515	1	0
516	1	4864
517	1	0
518	1	0
519	1	0
520	1	0
521	1	0
522	1	0
523	1	0
524	1	0
525	1	4864
526	1	0
527	1	0
528	1	0
529	1	0
530	1	0
531	1	0
532	1	0
533	1	0
534	1	0
535	1	0
536	1	27
537	1	0
538	1	0
539	1	0
540	1	27
541	1	20
542	1	4864
543	1	0
544	1	0
545	1	0
546	1	0
547	1	0
548	1	0
549	1	4864
550	1	0
551	1	0
552	1	0
553	1	0
554	1	0
555	1	0
556	1	0
557	1	0
558	1	0
559	1	0
560	1	0
561	1	0
562	1	0
563	1	4864
564	1	0
565	1	0
566	1	0
567	1	0
568	1	0
569	1	4864
570	1	278
571	1	0
572	1	0
573	1	0
574	1	0
575	1	58
576	1	0
577	1	0
578	1	0
579	1	0
580	1	0
581	1	0
582	1	0
583	1	278
584	1	0
585	1	0
586	1	4864
587	1	0
588	1	0
589	1	0
590	1	0
591	1	4864
592	1	0
593	1	0
594	1	0
595	1	0
596	1	0
597	1	0
598	1	0
599	1	0
600	1	48
601	1	4864
602	1	0
603	1	0
604	1	4864
605	1	4864
606	1	0
607	1	4864
644	1	4864
645	1	0
646	1	0
647	1	0
648	1	0
649	1	0
650	1	0
651	1	0
652	1	0
653	1	4864
654	1	0
655	1	4864
656	1	0
657	1	0
658	1	4864
659	1	0
660	1	0
661	1	278
662	1	4864
663	1	4864
664	1	4864
665	1	0
666	1	0
667	1	0
668	1	27
669	1	4864
670	1	4864
671	1	0
672	1	4864
673	1	4864
674	1	4864
675	1	278
676	1	0
677	1	0
678	1	0
679	1	4864
680	1	0
681	1	0
682	1	0
683	1	0
684	1	0
685	1	500
686	1	0
687	1	0
688	1	27
689	1	0
690	1	0
691	1	4864
692	1	4864
693	1	4864
694	1	0
695	1	0
696	1	0
697	1	0
698	1	4884
699	1	0
700	1	0
701	1	20
702	1	0
703	1	278
704	1	0
705	1	0
706	1	0
707	1	0
708	1	4864
709	1	278
710	1	0
711	1	4864
712	1	4864
713	1	0
714	1	4864
715	1	0
716	1	0
717	1	4864
718	1	278
719	1	0
720	1	0
721	1	4864
722	1	0
723	1	500
724	1	0
725	1	4864
726	1	4864
727	1	0
728	1	4864
729	1	0
730	1	0
731	1	0
732	1	4864
733	1	0
734	1	0
735	1	0
768	1	0
769	1	4864
770	1	4864
771	1	0
772	1	0
773	1	0
774	1	4864
775	1	4864
776	1	0
777	1	4864
778	1	0
779	1	0
780	1	4864
781	1	4864
782	1	4864
783	1	4864
784	1	4864
785	1	0
786	1	4864
787	1	0
788	1	0
789	1	0
790	1	0
791	1	0
792	1	0
793	1	278
794	1	0
795	1	4864
796	1	4864
797	1	0
798	1	4864
799	1	0
800	1	0
801	1	0
802	1	500
803	1	0
804	1	0
805	1	0
806	1	0
807	1	0
808	1	4864
809	1	0
810	1	4864
811	1	0
812	1	4864
813	1	4864
814	1	4864
815	1	0
816	1	4864
817	1	0
818	1	20
819	1	0
820	1	4864
821	1	4864
822	1	0
823	1	4864
824	1	0
825	1	0
826	1	27
827	1	4864
828	1	48
829	1	0
830	1	4864
831	1	0
832	1	0
833	1	0
834	1	4884
835	1	0
836	1	4864
837	1	0
838	1	0
839	1	20
840	1	0
841	1	0
842	1	0
843	1	4864
844	1	0
845	1	0
846	1	0
847	1	0
848	1	4864
849	1	0
850	1	0
851	1	0
852	1	0
853	1	0
854	1	4864
855	1	0
856	1	0
857	1	0
858	1	4864
859	1	4864
860	1	0
861	1	27
862	1	4864
863	1	0
896	1	0
897	1	4864
898	1	0
899	1	0
900	1	4864
901	1	0
902	1	0
903	1	0
904	1	278
905	1	0
906	1	0
907	1	0
908	1	0
909	1	0
910	1	0
911	1	0
912	1	0
913	1	0
914	1	0
915	1	4864
916	1	0
917	1	0
918	1	0
919	1	0
920	1	0
921	1	0
922	1	0
923	1	0
924	1	4864
925	1	0
926	1	4864
927	1	27
928	1	0
929	1	4864
930	1	0
931	1	0
932	1	4864
933	1	27
934	1	0
935	1	4864
936	1	278
937	1	4864
938	1	0
939	1	27
940	1	0
941	1	4864
942	1	500
943	1	0
944	1	0
945	1	20
946	1	4864
947	1	0
948	1	4864
949	1	0
950	1	0
951	1	0
952	1	20
953	1	0
954	1	0
955	1	278
956	1	0
957	1	27
958	1	27
959	1	0
960	1	278
961	1	0
962	1	4864
963	1	4864
964	1	278
965	1	48
966	1	0
967	1	0
968	1	0
969	1	0
970	1	0
971	1	48
972	1	278
973	1	0
974	1	0
975	1	4864
976	1	0
977	1	0
978	1	0
979	1	4864
980	1	0
981	1	4864
982	1	0
983	1	0
984	1	0
985	1	0
986	1	0
987	1	27
988	1	0
989	1	0
990	1	0
991	1	27
1024	1	0
1025	1	0
1026	1	0
1027	1	0
1028	1	278
1029	1	0
1030	1	4864
1031	1	4864
1032	1	0
1033	1	0
1034	1	4864
1035	1	0
1036	1	0
1037	1	0
1038	1	278
1039	1	0
1040	1	0
1041	1	0
1042	1	0
1043	1	0
1044	1	4864
1045	1	4864
1046	1	0
1047	1	0
1048	1	0
1049	1	0
1050	1	0
1051	1	0
1052	1	0
1053	1	500
1054	1	0
1055	1	4864
1056	1	4864
1057	1	0
1058	1	0
1059	1	0
1060	1	4864
1061	1	4864
1062	1	0
1063	1	4864
1064	1	0
1065	1	0
1066	1	4864
1067	1	50
1068	1	278
1069	1	0
1070	1	0
1071	1	0
1072	1	0
1073	1	4864
1074	1	0
1075	1	0
1076	1	0
1077	1	0
1078	1	0
1079	1	0
1080	1	4864
1081	1	0
1082	1	0
1083	1	0
1084	1	278
1085	1	0
1086	1	4864
1087	1	0
1088	1	0
1089	1	0
1090	1	0
1091	1	0
1092	1	4864
1093	1	0
1094	1	4864
1095	1	4864
1096	1	0
1097	1	0
1098	1	4864
1099	1	0
1100	1	0
1101	1	0
1102	1	278
1103	1	20
1104	1	58
1105	1	500
1106	1	4864
1107	1	0
1108	1	278
1109	1	4864
1110	1	0
1111	1	0
1112	1	0
1113	1	0
1114	1	0
1115	1	0
1116	1	4864
1117	1	0
1118	1	0
1119	1	0
1152	1	278
1153	1	4864
1154	1	278
1155	1	0
1156	1	4864
1157	1	278
1158	1	0
1159	1	0
1160	1	0
1161	1	0
1162	1	0
1163	1	0
1164	1	0
1165	1	0
1166	1	4864
1167	1	0
1168	1	0
1169	1	27
1170	1	4864
1171	1	0
1172	1	0
1173	1	0
1174	1	0
1175	1	4864
1176	1	0
1177	1	4864
1178	1	0
1179	1	0
1180	1	4864
1181	1	0
1182	1	0
1183	1	0
1184	1	0
1185	1	4864
1186	1	0
1187	1	500
1188	1	0
1189	1	0
1190	1	4864
1191	1	0
1192	1	278
1193	1	4864
1194	1	0
1195	1	4864
1196	1	0
1197	1	0
1198	1	0
1199	1	0
1200	1	4864
1201	1	4864
1202	1	0
1203	1	0
1204	1	4864
1205	1	4864
1206	1	0
1207	1	4864
1208	1	0
1209	1	0
1210	1	0
1211	1	20
1212	1	278
1213	1	0
1214	1	0
1215	1	4864
1216	1	500
1217	1	0
1218	1	0
1219	1	0
1220	1	4864
1221	1	0
1222	1	500
1223	1	0
1224	1	0
1225	1	4864
1226	1	0
1227	1	0
1228	1	0
1229	1	0
1230	1	0
1231	1	4864
1232	1	0
1233	1	0
1234	1	0
1235	1	4864
1236	1	4864
1237	1	0
1238	1	0
1239	1	0
1240	1	4864
1241	1	0
1242	1	0
1243	1	4864
1244	1	4864
1245	1	0
1246	1	0
1247	1	0
1280	1	0
1281	1	0
1282	1	0
1283	1	4864
1284	1	0
1285	1	0
1286	1	4864
1287	1	4864
1288	1	0
1289	1	278
1290	1	4864
1291	1	0
1292	1	0
1293	1	0
1294	1	0
1295	1	0
1296	1	0
1297	1	4864
1298	1	4864
1299	1	4864
1300	1	500
1301	1	4864
1302	1	4864
1303	1	0
1304	1	0
1305	1	278
1306	1	0
1307	1	0
1308	1	0
1309	1	500
1310	1	58
1311	1	0
1312	1	4864
1313	1	0
1314	1	4864
1315	1	4864
1316	1	0
1317	1	0
1318	1	0
1319	1	20
1320	1	0
1321	1	0
1322	1	0
1323	1	0
1324	1	0
1325	1	27
1326	1	4864
1327	1	0
1328	1	4864
1329	1	0
1330	1	0
1331	1	0
1332	1	4884
1333	1	0
1334	1	0
1335	1	0
1336	1	0
1337	1	4864
1338	1	0
1339	1	4864
1340	1	0
1341	1	0
1342	1	4864
1343	1	0
1344	1	0
1345	1	0
1346	1	0
1347	1	4884
1348	1	0
1349	1	0
1350	1	50
1351	1	0
1352	1	0
1353	1	4864
1354	1	0
1355	1	0
1356	1	4864
1357	1	0
1358	1	4864
1359	1	4864
1360	1	4864
1361	1	4864
1362	1	0
1363	1	0
1364	1	4864
1365	1	278
1366	1	4864
1367	1	0
1368	1	0
1369	1	4864
1370	1	278
1371	1	0
1372	1	4864
1373	1	4864
1374	1	0
1375	1	0
1412	1	0
1413	1	0
1414	1	4864
1415	1	0
1416	1	27
1417	1	4864
1418	1	0
1419	1	0
1420	1	4864
1421	1	58
1422	1	4864
1423	1	27
1424	1	4864
1425	1	4864
1426	1	0
1427	1	0
1428	1	0
1429	1	0
1430	1	0
1431	1	0
1432	1	0
1433	1	4864
1434	1	0
1435	1	4864
1436	1	0
1437	1	0
1438	1	58
1439	1	278
1440	1	0
1441	1	4864
1442	1	0
1443	1	4864
1444	1	0
1445	1	0
1446	1	0
1447	1	0
1448	1	4864
1449	1	4864
1450	1	4864
1451	1	0
1452	1	0
1453	1	4864
1454	1	0
1455	1	500
1456	1	0
1457	1	0
1458	1	0
1459	1	0
1460	1	0
1461	1	0
1462	1	0
1463	1	0
1464	1	0
1465	1	4864
1466	1	0
1467	1	4864
1468	1	0
1469	1	0
1470	1	4864
1471	1	0
1472	1	0
1473	1	4864
1474	1	0
1475	1	0
1476	1	500
1477	1	0
1478	1	0
1479	1	4864
1480	1	0
1481	1	4864
1482	1	0
1483	1	0
1484	1	0
1485	1	4864
1486	1	0
1487	1	278
1488	1	0
1489	1	0
1490	1	0
1491	1	4864
1492	1	4884
1494	1	0
1495	1	0
1496	1	0
1497	1	0
1498	1	0
1499	1	0
1500	1	4864
1501	1	0
1502	1	278
1503	1	0
1536	1	4864
1537	1	0
1538	1	0
1539	1	278
1540	1	0
1541	1	0
1542	1	0
1543	1	4864
1544	1	4864
1545	1	0
1546	1	0
1547	1	0
1548	1	27
1549	1	0
1550	1	0
1551	1	0
1552	1	4864
1553	1	0
1554	1	278
1555	1	0
1556	1	0
1557	1	0
1558	1	4864
1559	1	0
1560	1	0
1561	1	0
1562	1	0
1563	1	4864
1564	1	4864
1565	1	4864
1566	1	0
1567	1	0
1568	1	0
1569	1	0
1570	1	4864
1571	1	4864
1572	1	4864
1573	1	0
1574	1	4864
1575	1	500
1576	1	4864
1577	1	0
1578	1	0
1579	1	0
1580	1	0
1581	1	500
1582	1	4864
1583	1	0
1584	1	4864
1585	1	4864
1586	1	0
1587	1	0
1588	1	0
1589	1	0
1590	1	0
1591	1	278
1592	1	0
1593	1	0
1594	1	0
1595	1	4864
1596	1	0
1597	1	27
1598	1	0
1599	1	0
1600	1	4864
1601	1	0
1602	1	0
1603	1	278
1604	1	0
1605	1	0
1606	1	4864
1607	1	0
1608	1	0
1609	1	4864
1610	1	0
1611	1	0
1612	1	0
1613	1	27
1614	1	0
1615	1	4864
1616	1	0
1617	1	0
1618	1	0
1619	1	0
1620	1	0
1621	1	0
1622	1	0
1623	1	0
1624	1	0
1625	1	27
1626	1	0
1627	0	0
1628	1	4864
1629	1	4864
1630	1	0
1631	1	4864
1664	1	0
1665	1	0
1666	1	0
1667	1	0
1668	1	4864
1669	1	4864
1670	1	4864
1671	1	278
1672	1	0
1673	1	0
1674	1	4864
1675	1	0
1676	1	0
1677	1	20
1678	1	0
1679	1	0
1680	1	4864
1681	1	4864
1682	1	0
1683	1	0
1684	1	0
1685	1	0
1686	1	0
1687	1	0
1688	1	0
1689	1	20
1690	1	500
1691	1	278
1692	1	0
1693	1	4864
1694	1	4864
1695	1	0
1696	1	0
1697	1	0
1698	1	0
1699	1	4864
1700	1	0
1701	1	0
1702	1	4864
1703	1	0
1704	1	278
1705	1	4864
1706	1	0
1707	1	4864
1708	1	50
1709	1	0
1710	1	0
1711	1	0
1712	1	0
1713	1	4864
1714	1	0
1715	1	0 
1716	1	0
1717	1	0
1718	1	0
1719	1	0
1720	1	0
1721	1	0
1722	1	0
1723	1	4864
1724	1	20
1725	1	0
1726	1	0
1727	1	0
1728	1	0
1729	1	0
1730	1	0
1731	1	0
1732	1	0
1733	1	0
1734	1	0
1735	1	0
1736	1	4864
1737	1	0
1738	1	0
1739	1	0
1740	1	0
1741	1	4864
1742	1	0
1743	1	0
1744	1	0
1745	1	4864
1746	1	0
1747	1	0
1748	1	0
1749	1	0
1750	1	0
1751	1	0
1752	1	4864
1753	1	500
1754	1	0 
1755	1	0
1756	1	0
1757	1	0
1758	1	4864
1759	1	0
1792	1	278
1793	1	4864
1794	1	0
1795	1	0
1796	1	0
1797	1	0
1798	1	0
1799	1	4864
1800	1	50
1801	1	4864
1802	1	4864
1803	1	0
1804	1	0
1805	1	4864
1806	1	4864
1807	1	0
1808	1	0
1809	1	4864
1810	1	0
1811	1	4864
1812	1	0
1813	1	0
1814	1	0
1815	1	0
1816	1	4864
1817	1	0
1818	1	278
1819	1	0
1820	1	0
1821	1	4864
1822	1	4864
1823	1	0
1824	1	0
1825	1	4864
1826	1	0
1827	1	0
1828	1	0
1829	1	4864
1830	1	0
1831	1	0
1832	1	4864
1833	1	27
1834	1	0
1835	1	0
1836	1	27
1837	1	0
1838	1	0
1839	1	0
1840	1	0
1841	1	27
1842	1	0
1843	1	4864
1844	1	4864
1845	1	0
1846	1	0
1847	1	500
1848	1	0
1849	1	0
1850	1	4864
1851	1	0
1852	1	0
1853	1	4864
1854	1	0
1855	1	0
1856	1	0
1857	1	4864
1858	1	278
1859	1	4864
1860	1	4864
1861	1	0
1862	1	0
1863	1	4864
1864	1	0
1865	1	0
1866	1	0
1867	1	4864
1868	1	0
1869	1	0
1870	1	0
1871	1	0
1872	1	0
1873	1	0
1874	1	0
1875	1	4884
1876	1	4864
1877	1	4864
1878	1	4864
1879	1	4864
1880	1	278
1881	1	48
1882	1	4864
1883	1	0
1884	1	278
1885	1	0
1886	1	4864
1887	1	0
1920	1	0
1921	1	4864
1922	1	0
1923	1	4864
1924	1	278
1925	1	0
1926	1	0
1927	1	0
1928	1	4864
1929	1	0
1930	1	4864
1931	1	0
1932	1	4864
1933	1	0
1934	1	0
1935	1	0
1936	1	0
1937	1	0
1938	1	0
1939	1	4864
1940	1	0
1941	1	4864
1942	1	4884
1943	1	0
1944	1	0
1945	1	4864
1946	1	500
1947	1	20
1948	1	0
1949	1	0
1950	1	0
1951	1	0
1952	1	0
1953	1	0
1954	1	4864
1955	1	0
1956	1	0
1957	1	0
1958	1	4864
1959	1	0
1960	1	0
1961	1	0
1962	1	0
1963	1	58
1964	1	0
1965	1	27
1966	1	4864
1967	1	27
1968	1	4864
1969	1	0
1970	1	0
1971	1	0
1972	1	0
1973	1	0
1974	1	4864
1975	1	0
1976	1	278
1977	1	0
1978	1	0
1979	1	0
1980	1	0
1981	1	278
1982	1	4864
1983	1	0
1984	1	4864
1985	1	4864
1986	1	4864
1987	1	0
1988	1	4864
1989	1	4864
1990	1	0
1991	1	0
1992	1	0
1993	1	0
1994	1	0
1995	1	4864
1996	1	0
1997	1	0
1998	1	4864
1999	1	0
2000	1	278
2001	1	4864
2002	1	0
2003	1	20
2004	1	50
2005	1	0
2006	1	0
2007	1	0
2008	1	0
2009	1	0
2010	1	4864
2011	1	0
2012	1	0
2013	1	0
2015	1	0
2048	1	0
2049	1	0
2050	1	27
2051	1	0
2052	1	20
2053	1	0
2054	1	4864
2055	1	4864
2056	1	0
2057	1	0
2058	1	0
2059	1	0
2060	1	4864
2061	1	278
2062	1	4864
2063	1	0
2064	1	4864
2065	1	0
2066	1	0
2067	1	0
2068	1	0
2069	1	4864
2070	1	0
2071	1	4864
2072	1	0
2073	1	4864
2074	1	0
2075	1	4864
2076	1	27
2077	1	4864
2078	1	0
2079	1	4864
2080	1	4864
2081	1	0
2082	1	0
2083	1	0
2084	1	4864
2085	1	0
2086	1	0
2087	1	0
2088	1	4864
2089	1	0
2090	1	27
2091	1	4864
2092	1	0
2093	1	0
2094	1	4864
2095	1	4864
2096	1	500
2097	1	0
2098	1	500
2099	1	0
2100	1	0
2101	1	4864
2102	1	0
2103	1	0
2104	1	0
2105	1	0
2106	1	4864
2107	1	500
2108	1	278
2109	1	0
2110	1	4864
2111	1	0
2112	1	0
2113	1	4864
2114	1	4864
2115	1	0
2116	1	278
2117	1	0
2118	1	0
2120	1	0
2121	1	4864
2122	1	0
2123	1	58
2124	1	278
2125	1	0
2126	1	0
2127	1	0
2128	1	0
2129	1	0
2130	1	0
2131	1	0
2132	1	278
2133	1	4864
2134	1	4864
2135	1	0
2136	1	4864
2137	1	4864
2138	1	0
2139	1	4864
2140	1	4864
2142	1	0
2143	1	0
2176	1	0
2177	1	27
2178	1	4864
2179	1	0
2180	1	0
2181	1	4864
2182	1	0
2183	1	0
2184	1	20
2185	1	4864
2186	1	0
2187	1	0
2188	1	0
2189	1	0
2190	1	0
2191	1	0
2192	1	4864
2193	1	4864
2194	1	27
2195	1	4864
2196	1	0
2197	1	0
2198	1	0
2199	1	0
2200	1	4884
2201	1	0
2202	1	0
2203	1	58
2204	1	0
2206	1	0
2207	1	0
2208	1	4864
2209	1	0
2210	1	0
2211	1	0
2212	1	0
2213	1	0
2214	1	0
2215	1	4864
2216	1	0
2217	1	4864
2218	1	0
2219	1	0
2220	1	0
2221	1	4864
2222	1	0
2223	1	4864
2224	1	0
2225	1	0
2226	1	4864
2227	1	0
2228	1	0
2229	1	0
2230	1	4864
2231	1	0
2232	1	58
2233	1	0
2234	1	0
2235	1	4864
2236	1	0
2237	1	0
2238	1	4864
2239	1	4864
2240	1	0
2241	1	4864
2242	1	4864
2243	1	27
2244	1	4864
2245	1	4864
2246	1	0
2247	1	0
2248	1	0
2249	1	0
2250	1	0
2251	1	0
2252	1	4864
2253	1	0
2254	1	0
2255	1	0
2256	1	0
2257	1	4864
2258	1	0
2259	1	20
2260	1	4864
2261	1	0
2262	1	4864
2263	1	0
2264	1	27
2265	1	0
2266	1	4864
2267	1	4864
2268	1	0
2269	1	0
2270	1	0
2271	1	278
2304	1	0
2305	1	0
2306	1	4864
2307	1	0
2308	1	4864
2309	1	4884
2310	1	4864
2311	1	0
2312	1	4864
2313	1	0
2314	1	4864
2315	1	278
2316	1	4864
2317	1	4864
2318	1	4864
2319	1	0 
2320	1	4864
2321	1	0
2322	1	0
2323	1	0
2324	1	0
2325	1	4864
2326	1	0
2327	1	0
2328	1	0
2329	1	0
2330	1	0
2331	1	278
2332	1	4864
2333	1	0
2334	1	58
2335	1	4864
2336	1	0
2337	1	4864
2338	1	0
2339	1	4864
2340	1	0
2341	1	0
2342	1	4864
2343	1	0
2344	1	0
2345	1	0
2346	1	0
2347	1	0
2348	1	4864
2349	1	4864
2350	1	0
2351	1	0
2352	1	278
2353	1	4864
2354	1	0
2355	1	0
2356	1	4864
2357	1	278
2358	1	58
2359	1	0
2360	1	0
2361	1	4864
2362	1	0
2363	1	0
2364	1	0
2365	1	0
2366	1	4864
2367	1	4864
2368	1	0
2369	1	4884
2370	1	4864
2371	1	4864
2372	1	4864
2373	1	0
2374	1	0
2375	1	4864
2376	1	4864
2377	1	4864
2378	1	0
2379	1	0
2380	1	0
2381	1	0
2382	1	0
2383	1	0
2384	1	0
2385	1	0
2386	1	0
2387	1	0
2388	1	0
2389	1	0
2390	1	0
2391	1	0
2392	1	4864
2393	1	0
2394	1	500
2395	1	0
2396	1	0
2397	1	4864
2398	1	4864
2399	1	0
2432	1	0
2433	1	0
2434	1	0
2435	1	4864
2436	1	0
2437	1	500
2438	1	0
2439	1	0
2440	1	4864
2441	1	4864
2442	1	0
2443	1	58
2444	1	0
2445	1	278
2446	1	20
2447	1	0
2448	1	0
2449	1	0
2450	1	0
2451	1	0
2452	1	0
2453	1	0
2454	1	0
2455	1	0
2456	1	0
2457	1	0
2458	1	0
2459	1	0
2460	1	4864
2461	1	4864
2462	1	0
2463	1	0
2464	1	0
2465	1	0
2466	1	0
2467	1	0
2468	1	0
2469	1	0
2470	1	4864
2471	1	0
2472	1	0
2473	1	4884
2474	1	4864
2475	1	0
2476	1	20
2477	1	58
2478	1	0
2479	1	4864
2480	1	0
2481	1	27
2482	1	278
2483	1	0
2484	1	0
2485	1	0
2486	1	0
2487	1	0
2488	1	0
2489	1	0
2490	1	0
2491	1	0
2492	1	0
2493	1	27
2494	1	0
2495	1	0
2496	1	0
2497	1	0
2498	1	0
2499	1	4864
2500	1	4864
2501	1	0
2502	1	0
2503	1	0
2504	1	0
2505	1	0
2506	1	278
2507	1	0
2508	1	0
2509	1	0
2510	1	0
2511	1	0
2512	1	0
2513	1	0
2514	1	4864
2515	1	0
2516	1	4864
2517	1	0
2518	1	20
2519	1	27
2520	1	4864
2521	1	0
2522	1	0
2523	1	0
2524	1	0
2525	1	0
2526	1	0
2527	1	0
2560	1	278
2561	1	0
2562	1	0
2563	1	4864
2564	1	0
2565	1	4864
2566	1	27
2567	1	278
2568	1	0
2569	1	0
2570	1	0
2571	1	0
2572	1	0
2573	1	278
2574	1	0
2575	1	0
2576	1	58
2577	1	0
2578	1	4864
2579	1	0
2580	1	0
2581	1	0
2582	1	0
2583	1	4864
2584	1	0
2585	1	4864
2586	1	0
2587	1	4864
2588	1	0
2589	1	0
2590	1	0
2591	1	0
2592	1	0
2593	1	0
2594	1	0
2595	1	0
2596	1	0
2597	1	0
2598	1	0
2599	1	0
2600	1	0
2601	1	4864
2602	1	4864
2603	1	4864
2604	1	0
2605	1	0
2606	1	58
2607	1	0
2608	1	4884
2609	1	4864
2610	1	0
2611	1	4864
2612	1	0
2613	1	4864
2614	1	0
2615	1	0
2616	1	0
2617	1	48
2618	1	0
2619	1	0
2620	1	0
2621	1	0
2622	1	4864
2623	1	0
2624	1	0
2625	1	278
2626	1	4864
2627	1	0
2628	1	0
2629	1	0
2630	1	0
2631	1	0
2632	1	4864
2633	1	0
2634	1	0
2635	1	4864
2636	1	0
2637	1	4864
2638	1	0
2639	1	0
2640	1	0
2641	1	0
2642	1	278
2643	1	58
2644	1	0
2645	1	278
2646	1	0
2647	1	0
2648	1	0
2649	1	0
2650	1	0
2651	1	4864
2652	1	4864
2653	1	0
2654	1	4864
2655	1	0
2688	1	27
2689	1	50
2690	1	0
2691	1	278
2692	1	27
2693	1	0 
2694	1	0
2695	1	0
2696	1	0
2697	1	4864
2698	1	0
2699	1	0
2700	1	0
2701	1	0
2702	1	4864
2703	1	278
2704	1	4864
2705	1	4864
2706	1	278
2707	1	58
2708	1	4864
2709	1	0
2710	1	0
2711	1	0
2712	1	4864
2713	1	0
2714	1	4864
2715	1	0
2716	0	500
2717	1	4864
2718	1	4864
2719	1	0
2720	1	58
2721	1	0
2722	1	0
2723	1	0
2724	1	4864
2725	1	4864
2726	1	0
2727	1	0
2728	1	0
2729	1	278
2730	1	4864
2731	1	4864
2732	1	4864
2733	1	0
2734	1	278
2735	1	0
2736	1	0
2737	1	0
2738	1	0
2739	1	4864
2740	1	0
2741	1	0
2742	1	0
2743	1	0
2744	1	4864
2745	1	0
2746	1	4864
2747	1	4864
2748	1	0
2749	1	0
2750	1	4864
2751	1	0
2752	1	4864
2753	1	4864
2754	1	0
2755	1	0
2756	1	0
2757	1	0
2758	1	0
2759	1	4864
2760	1	0
2761	1	0
2762	1	0
2763	1	0
2764	1	0
2765	1	278
2766	1	0
2767	1	0
2768	1	0
2769	1	0
2770	1	0
2771	1	0
2773	1	0
2774	1	500
2775	1	0
2776	1	4864
2777	1	0
2778	1	4864
2779	1	0
2780	1	278
2781	1	4864
2782	1	0
2783	1	278
