 0	c0-0c0s0s0	0,0,0
 3	c0-0c0s0s3	0,3,0
 4	c0-0c0s1s0	0,0,1
 7	c0-0c0s1s3	0,3,1
 8	c0-0c0s2s0	0,0,2
 11	c0-0c0s2s3	0,3,2
 12	c0-0c0s3s0	0,0,3
 13	c0-0c0s3s1	0,1,3
 14	c0-0c0s3s2	0,2,3
 15	c0-0c0s3s3	0,3,3
 16	c0-0c0s4s0	0,0,4
 17	c0-0c0s4s1	0,1,4
 18	c0-0c0s4s2	0,2,4
 19	c0-0c0s4s3	0,3,4
 20	c0-0c0s5s0	0,0,5
 21	c0-0c0s5s1	0,1,5
 22	c0-0c0s5s2	0,2,5
 23	c0-0c0s5s3	0,3,5
 24	c0-0c0s6s0	0,0,6
 25	c0-0c0s6s1	0,1,6
 26	c0-0c0s6s2	0,2,6
 27	c0-0c0s6s3	0,3,6
 28	c0-0c0s7s0	0,0,7
 29	c0-0c0s7s1	0,1,7
 30	c0-0c0s7s2	0,2,7
 31	c0-0c0s7s3	0,3,7
 32	c0-0c1s0s0	0,4,0
 33	c0-0c1s0s1	0,5,0
 34	c0-0c1s0s2	0,6,0
 35	c0-0c1s0s3	0,7,0
 36	c0-0c1s1s0	0,4,1
 37	c0-0c1s1s1	0,5,1
 38	c0-0c1s1s2	0,6,1
 39	c0-0c1s1s3	0,7,1
 40	c0-0c1s2s0	0,4,2
 41	c0-0c1s2s1	0,5,2
 42	c0-0c1s2s2	0,6,2
 43	c0-0c1s2s3	0,7,2
 44	c0-0c1s3s0	0,4,3
 45	c0-0c1s3s1	0,5,3
 46	c0-0c1s3s2	0,6,3
 47	c0-0c1s3s3	0,7,3
 48	c0-0c1s4s0	0,4,4
 49	c0-0c1s4s1	0,5,4
 50	c0-0c1s4s2	0,6,4
 51	c0-0c1s4s3	0,7,4
 52	c0-0c1s5s0	0,4,5
 53	c0-0c1s5s1	0,5,5
 54	c0-0c1s5s2	0,6,5
 55	c0-0c1s5s3	0,7,5
 56	c0-0c1s6s0	0,4,6
 57	c0-0c1s6s1	0,5,6
 58	c0-0c1s6s2	0,6,6
 59	c0-0c1s6s3	0,7,6
 60	c0-0c1s7s0	0,4,7
 61	c0-0c1s7s1	0,5,7
 62	c0-0c1s7s2	0,6,7
 63	c0-0c1s7s3	0,7,7
 64	c0-0c2s0s0	0,8,0
 65	c0-0c2s0s1	0,9,0
 66	c0-0c2s0s2	0,10,0
 67	c0-0c2s0s3	0,11,0
 68	c0-0c2s1s0	0,8,1
 69	c0-0c2s1s1	0,9,1
 70	c0-0c2s1s2	0,10,1
 71	c0-0c2s1s3	0,11,1
 72	c0-0c2s2s0	0,8,2
 73	c0-0c2s2s1	0,9,2
 74	c0-0c2s2s2	0,10,2
 75	c0-0c2s2s3	0,11,2
 76	c0-0c2s3s0	0,8,3
 77	c0-0c2s3s1	0,9,3
 78	c0-0c2s3s2	0,10,3
 79	c0-0c2s3s3	0,11,3
 80	c0-0c2s4s0	0,8,4
 81	c0-0c2s4s1	0,9,4
 82	c0-0c2s4s2	0,10,4
 83	c0-0c2s4s3	0,11,4
 84	c0-0c2s5s0	0,8,5
 85	c0-0c2s5s1	0,9,5
 86	c0-0c2s5s2	0,10,5
 87	c0-0c2s5s3	0,11,5
 88	c0-0c2s6s0	0,8,6
 89	c0-0c2s6s1	0,9,6
 90	c0-0c2s6s2	0,10,6
 91	c0-0c2s6s3	0,11,6
 92	c0-0c2s7s0	0,8,7
 93	c0-0c2s7s1	0,9,7
 94	c0-0c2s7s2	0,10,7
 95	c0-0c2s7s3	0,11,7
 128	c0-1c0s0s0	0,8,15
 131	c0-1c0s0s3	0,11,15
 132	c0-1c0s1s0	0,8,14
 135	c0-1c0s1s3	0,11,14
 136	c0-1c0s2s0	0,8,13
 139	c0-1c0s2s3	0,11,13
 140	c0-1c0s3s0	0,8,12
 143	c0-1c0s3s3	0,11,12
 144	c0-1c0s4s0	0,8,11
 147	c0-1c0s4s3	0,11,11
 148	c0-1c0s5s0	0,8,10
 151	c0-1c0s5s3	0,11,10
 152	c0-1c0s6s0	0,8,9
 153	c0-1c0s6s1	0,9,9
 154	c0-1c0s6s2	0,10,9
 155	c0-1c0s6s3	0,11,9
 156	c0-1c0s7s0	0,8,8
 157	c0-1c0s7s1	0,9,8
 158	c0-1c0s7s2	0,10,8
 159	c0-1c0s7s3	0,11,8
 160	c0-1c1s0s0	0,4,15
 161	c0-1c1s0s1	0,5,15
 162	c0-1c1s0s2	0,6,15
 163	c0-1c1s0s3	0,7,15
 164	c0-1c1s1s0	0,4,14
 165	c0-1c1s1s1	0,5,14
 166	c0-1c1s1s2	0,6,14
 167	c0-1c1s1s3	0,7,14
 168	c0-1c1s2s0	0,4,13
 169	c0-1c1s2s1	0,5,13
 170	c0-1c1s2s2	0,6,13
 171	c0-1c1s2s3	0,7,13
 172	c0-1c1s3s0	0,4,12
 173	c0-1c1s3s1	0,5,12
 174	c0-1c1s3s2	0,6,12
 175	c0-1c1s3s3	0,7,12
 176	c0-1c1s4s0	0,4,11
 177	c0-1c1s4s1	0,5,11
 178	c0-1c1s4s2	0,6,11
 179	c0-1c1s4s3	0,7,11
 180	c0-1c1s5s0	0,4,10
 181	c0-1c1s5s1	0,5,10
 182	c0-1c1s5s2	0,6,10
 183	c0-1c1s5s3	0,7,10
 184	c0-1c1s6s0	0,4,9
 185	c0-1c1s6s1	0,5,9
 186	c0-1c1s6s2	0,6,9
 187	c0-1c1s6s3	0,7,9
 188	c0-1c1s7s0	0,4,8
 189	c0-1c1s7s1	0,5,8
 190	c0-1c1s7s2	0,6,8
 191	c0-1c1s7s3	0,7,8
 192	c0-1c2s0s0	0,0,15
 193	c0-1c2s0s1	0,1,15
 194	c0-1c2s0s2	0,2,15
 195	c0-1c2s0s3	0,3,15
 196	c0-1c2s1s0	0,0,14
 197	c0-1c2s1s1	0,1,14
 198	c0-1c2s1s2	0,2,14
 199	c0-1c2s1s3	0,3,14
 200	c0-1c2s2s0	0,0,13
 201	c0-1c2s2s1	0,1,13
 202	c0-1c2s2s2	0,2,13
 203	c0-1c2s2s3	0,3,13
 204	c0-1c2s3s0	0,0,12
 205	c0-1c2s3s1	0,1,12
 206	c0-1c2s3s2	0,2,12
 207	c0-1c2s3s3	0,3,12
 208	c0-1c2s4s0	0,0,11
 209	c0-1c2s4s1	0,1,11
 210	c0-1c2s4s2	0,2,11
 211	c0-1c2s4s3	0,3,11
 212	c0-1c2s5s0	0,0,10
 213	c0-1c2s5s1	0,1,10
 214	c0-1c2s5s2	0,2,10
 215	c0-1c2s5s3	0,3,10
 216	c0-1c2s6s0	0,0,9
 217	c0-1c2s6s1	0,1,9
 218	c0-1c2s6s2	0,2,9
 219	c0-1c2s6s3	0,3,9
 220	c0-1c2s7s0	0,0,8
 221	c0-1c2s7s1	0,1,8
 222	c0-1c2s7s2	0,2,8
 223	c0-1c2s7s3	0,3,8
 256	c1-0c0s0s0	10,0,0
 257	c1-0c0s0s1	10,1,0
 258	c1-0c0s0s2	10,2,0
 259	c1-0c0s0s3	10,3,0
 260	c1-0c0s1s0	10,0,1
 261	c1-0c0s1s1	10,1,1
 262	c1-0c0s1s2	10,2,1
 263	c1-0c0s1s3	10,3,1
 264	c1-0c0s2s0	10,0,2
 265	c1-0c0s2s1	10,1,2
 266	c1-0c0s2s2	10,2,2
 267	c1-0c0s2s3	10,3,2
 268	c1-0c0s3s0	10,0,3
 269	c1-0c0s3s1	10,1,3
 270	c1-0c0s3s2	10,2,3
 271	c1-0c0s3s3	10,3,3
 272	c1-0c0s4s0	10,0,4
 273	c1-0c0s4s1	10,1,4
 274	c1-0c0s4s2	10,2,4
 275	c1-0c0s4s3	10,3,4
 276	c1-0c0s5s0	10,0,5
 277	c1-0c0s5s1	10,1,5
 278	c1-0c0s5s2	10,2,5
 279	c1-0c0s5s3	10,3,5
 280	c1-0c0s6s0	10,0,6
 281	c1-0c0s6s1	10,1,6
 282	c1-0c0s6s2	10,2,6
 283	c1-0c0s6s3	10,3,6
 284	c1-0c0s7s0	10,0,7
 285	c1-0c0s7s1	10,1,7
 286	c1-0c0s7s2	10,2,7
 287	c1-0c0s7s3	10,3,7
 288	c1-0c1s0s0	10,4,0
 289	c1-0c1s0s1	10,5,0
 290	c1-0c1s0s2	10,6,0
 291	c1-0c1s0s3	10,7,0
 292	c1-0c1s1s0	10,4,1
 293	c1-0c1s1s1	10,5,1
 294	c1-0c1s1s2	10,6,1
 295	c1-0c1s1s3	10,7,1
 296	c1-0c1s2s0	10,4,2
 297	c1-0c1s2s1	10,5,2
 298	c1-0c1s2s2	10,6,2
 299	c1-0c1s2s3	10,7,2
 300	c1-0c1s3s0	10,4,3
 301	c1-0c1s3s1	10,5,3
 302	c1-0c1s3s2	10,6,3
 303	c1-0c1s3s3	10,7,3
 304	c1-0c1s4s0	10,4,4
 305	c1-0c1s4s1	10,5,4
 306	c1-0c1s4s2	10,6,4
 307	c1-0c1s4s3	10,7,4
 308	c1-0c1s5s0	10,4,5
 309	c1-0c1s5s1	10,5,5
 310	c1-0c1s5s2	10,6,5
 311	c1-0c1s5s3	10,7,5
 312	c1-0c1s6s0	10,4,6
 313	c1-0c1s6s1	10,5,6
 314	c1-0c1s6s2	10,6,6
 315	c1-0c1s6s3	10,7,6
 316	c1-0c1s7s0	10,4,7
 317	c1-0c1s7s1	10,5,7
 318	c1-0c1s7s2	10,6,7
 319	c1-0c1s7s3	10,7,7
 320	c1-0c2s0s0	10,8,0
 321	c1-0c2s0s1	10,9,0
 322	c1-0c2s0s2	10,10,0
 323	c1-0c2s0s3	10,11,0
 324	c1-0c2s1s0	10,8,1
 325	c1-0c2s1s1	10,9,1
 326	c1-0c2s1s2	10,10,1
 327	c1-0c2s1s3	10,11,1
 328	c1-0c2s2s0	10,8,2
 329	c1-0c2s2s1	10,9,2
 330	c1-0c2s2s2	10,10,2
 331	c1-0c2s2s3	10,11,2
 332	c1-0c2s3s0	10,8,3
 333	c1-0c2s3s1	10,9,3
 334	c1-0c2s3s2	10,10,3
 335	c1-0c2s3s3	10,11,3
 336	c1-0c2s4s0	10,8,4
 337	c1-0c2s4s1	10,9,4
 338	c1-0c2s4s2	10,10,4
 339	c1-0c2s4s3	10,11,4
 340	c1-0c2s5s0	10,8,5
 341	c1-0c2s5s1	10,9,5
 342	c1-0c2s5s2	10,10,5
 343	c1-0c2s5s3	10,11,5
 344	c1-0c2s6s0	10,8,6
 345	c1-0c2s6s1	10,9,6
 346	c1-0c2s6s2	10,10,6
 347	c1-0c2s6s3	10,11,6
 348	c1-0c2s7s0	10,8,7
 349	c1-0c2s7s1	10,9,7
 350	c1-0c2s7s2	10,10,7
 351	c1-0c2s7s3	10,11,7
 384	c1-1c0s0s0	10,8,15
 385	c1-1c0s0s1	10,9,15
 386	c1-1c0s0s2	10,10,15
 387	c1-1c0s0s3	10,11,15
 388	c1-1c0s1s0	10,8,14
 389	c1-1c0s1s1	10,9,14
 390	c1-1c0s1s2	10,10,14
 391	c1-1c0s1s3	10,11,14
 392	c1-1c0s2s0	10,8,13
 393	c1-1c0s2s1	10,9,13
 394	c1-1c0s2s2	10,10,13
 395	c1-1c0s2s3	10,11,13
 396	c1-1c0s3s0	10,8,12
 397	c1-1c0s3s1	10,9,12
 398	c1-1c0s3s2	10,10,12
 399	c1-1c0s3s3	10,11,12
 400	c1-1c0s4s0	10,8,11
 401	c1-1c0s4s1	10,9,11
 402	c1-1c0s4s2	10,10,11
 403	c1-1c0s4s3	10,11,11
 404	c1-1c0s5s0	10,8,10
 405	c1-1c0s5s1	10,9,10
 406	c1-1c0s5s2	10,10,10
 407	c1-1c0s5s3	10,11,10
 408	c1-1c0s6s0	10,8,9
 409	c1-1c0s6s1	10,9,9
 410	c1-1c0s6s2	10,10,9
 411	c1-1c0s6s3	10,11,9
 412	c1-1c0s7s0	10,8,8
 413	c1-1c0s7s1	10,9,8
 414	c1-1c0s7s2	10,10,8
 415	c1-1c0s7s3	10,11,8
 416	c1-1c1s0s0	10,4,15
 417	c1-1c1s0s1	10,5,15
 418	c1-1c1s0s2	10,6,15
 419	c1-1c1s0s3	10,7,15
 420	c1-1c1s1s0	10,4,14
 421	c1-1c1s1s1	10,5,14
 422	c1-1c1s1s2	10,6,14
 423	c1-1c1s1s3	10,7,14
 424	c1-1c1s2s0	10,4,13
 425	c1-1c1s2s1	10,5,13
 426	c1-1c1s2s2	10,6,13
 427	c1-1c1s2s3	10,7,13
 428	c1-1c1s3s0	10,4,12
 429	c1-1c1s3s1	10,5,12
 430	c1-1c1s3s2	10,6,12
 431	c1-1c1s3s3	10,7,12
 432	c1-1c1s4s0	10,4,11
 433	c1-1c1s4s1	10,5,11
 434	c1-1c1s4s2	10,6,11
 435	c1-1c1s4s3	10,7,11
 436	c1-1c1s5s0	10,4,10
 437	c1-1c1s5s1	10,5,10
 438	c1-1c1s5s2	10,6,10
 439	c1-1c1s5s3	10,7,10
 440	c1-1c1s6s0	10,4,9
 441	c1-1c1s6s1	10,5,9
 442	c1-1c1s6s2	10,6,9
 443	c1-1c1s6s3	10,7,9
 444	c1-1c1s7s0	10,4,8
 445	c1-1c1s7s1	10,5,8
 446	c1-1c1s7s2	10,6,8
 447	c1-1c1s7s3	10,7,8
 448	c1-1c2s0s0	10,0,15
 449	c1-1c2s0s1	10,1,15
 450	c1-1c2s0s2	10,2,15
 451	c1-1c2s0s3	10,3,15
 452	c1-1c2s1s0	10,0,14
 453	c1-1c2s1s1	10,1,14
 454	c1-1c2s1s2	10,2,14
 455	c1-1c2s1s3	10,3,14
 456	c1-1c2s2s0	10,0,13
 457	c1-1c2s2s1	10,1,13
 458	c1-1c2s2s2	10,2,13
 459	c1-1c2s2s3	10,3,13
 460	c1-1c2s3s0	10,0,12
 461	c1-1c2s3s1	10,1,12
 462	c1-1c2s3s2	10,2,12
 463	c1-1c2s3s3	10,3,12
 464	c1-1c2s4s0	10,0,11
 465	c1-1c2s4s1	10,1,11
 466	c1-1c2s4s2	10,2,11
 467	c1-1c2s4s3	10,3,11
 468	c1-1c2s5s0	10,0,10
 469	c1-1c2s5s1	10,1,10
 470	c1-1c2s5s2	10,2,10
 471	c1-1c2s5s3	10,3,10
 472	c1-1c2s6s0	10,0,9
 473	c1-1c2s6s1	10,1,9
 474	c1-1c2s6s2	10,2,9
 475	c1-1c2s6s3	10,3,9
 476	c1-1c2s7s0	10,0,8
 477	c1-1c2s7s1	10,1,8
 478	c1-1c2s7s2	10,2,8
 479	c1-1c2s7s3	10,3,8
 512	c2-0c0s0s0	1,0,0
 513	c2-0c0s0s1	1,1,0
 514	c2-0c0s0s2	1,2,0
 515	c2-0c0s0s3	1,3,0
 516	c2-0c0s1s0	1,0,1
 517	c2-0c0s1s1	1,1,1
 518	c2-0c0s1s2	1,2,1
 519	c2-0c0s1s3	1,3,1
 520	c2-0c0s2s0	1,0,2
 521	c2-0c0s2s1	1,1,2
 522	c2-0c0s2s2	1,2,2
 523	c2-0c0s2s3	1,3,2
 524	c2-0c0s3s0	1,0,3
 525	c2-0c0s3s1	1,1,3
 526	c2-0c0s3s2	1,2,3
 527	c2-0c0s3s3	1,3,3
 528	c2-0c0s4s0	1,0,4
 529	c2-0c0s4s1	1,1,4
 530	c2-0c0s4s2	1,2,4
 531	c2-0c0s4s3	1,3,4
 532	c2-0c0s5s0	1,0,5
 533	c2-0c0s5s1	1,1,5
 534	c2-0c0s5s2	1,2,5
 535	c2-0c0s5s3	1,3,5
 536	c2-0c0s6s0	1,0,6
 537	c2-0c0s6s1	1,1,6
 538	c2-0c0s6s2	1,2,6
 539	c2-0c0s6s3	1,3,6
 540	c2-0c0s7s0	1,0,7
 541	c2-0c0s7s1	1,1,7
 542	c2-0c0s7s2	1,2,7
 543	c2-0c0s7s3	1,3,7
 544	c2-0c1s0s0	1,4,0
 545	c2-0c1s0s1	1,5,0
 546	c2-0c1s0s2	1,6,0
 547	c2-0c1s0s3	1,7,0
 548	c2-0c1s1s0	1,4,1
 549	c2-0c1s1s1	1,5,1
 550	c2-0c1s1s2	1,6,1
 551	c2-0c1s1s3	1,7,1
 552	c2-0c1s2s0	1,4,2
 553	c2-0c1s2s1	1,5,2
 554	c2-0c1s2s2	1,6,2
 555	c2-0c1s2s3	1,7,2
 556	c2-0c1s3s0	1,4,3
 557	c2-0c1s3s1	1,5,3
 558	c2-0c1s3s2	1,6,3
 559	c2-0c1s3s3	1,7,3
 560	c2-0c1s4s0	1,4,4
 561	c2-0c1s4s1	1,5,4
 562	c2-0c1s4s2	1,6,4
 563	c2-0c1s4s3	1,7,4
 564	c2-0c1s5s0	1,4,5
 565	c2-0c1s5s1	1,5,5
 566	c2-0c1s5s2	1,6,5
 567	c2-0c1s5s3	1,7,5
 568	c2-0c1s6s0	1,4,6
 569	c2-0c1s6s1	1,5,6
 570	c2-0c1s6s2	1,6,6
 571	c2-0c1s6s3	1,7,6
 572	c2-0c1s7s0	1,4,7
 573	c2-0c1s7s1	1,5,7
 574	c2-0c1s7s2	1,6,7
 575	c2-0c1s7s3	1,7,7
 576	c2-0c2s0s0	1,8,0
 577	c2-0c2s0s1	1,9,0
 578	c2-0c2s0s2	1,10,0
 579	c2-0c2s0s3	1,11,0
 580	c2-0c2s1s0	1,8,1
 581	c2-0c2s1s1	1,9,1
 582	c2-0c2s1s2	1,10,1
 583	c2-0c2s1s3	1,11,1
 584	c2-0c2s2s0	1,8,2
 585	c2-0c2s2s1	1,9,2
 586	c2-0c2s2s2	1,10,2
 587	c2-0c2s2s3	1,11,2
 588	c2-0c2s3s0	1,8,3
 589	c2-0c2s3s1	1,9,3
 590	c2-0c2s3s2	1,10,3
 591	c2-0c2s3s3	1,11,3
 592	c2-0c2s4s0	1,8,4
 593	c2-0c2s4s1	1,9,4
 594	c2-0c2s4s2	1,10,4
 595	c2-0c2s4s3	1,11,4
 596	c2-0c2s5s0	1,8,5
 597	c2-0c2s5s1	1,9,5
 598	c2-0c2s5s2	1,10,5
 599	c2-0c2s5s3	1,11,5
 600	c2-0c2s6s0	1,8,6
 601	c2-0c2s6s1	1,9,6
 602	c2-0c2s6s2	1,10,6
 603	c2-0c2s6s3	1,11,6
 604	c2-0c2s7s0	1,8,7
 605	c2-0c2s7s1	1,9,7
 606	c2-0c2s7s2	1,10,7
 607	c2-0c2s7s3	1,11,7
 640	c2-1c0s0s0	1,8,15
 643	c2-1c0s0s3	1,11,15
 644	c2-1c0s1s0	1,8,14
 645	c2-1c0s1s1	1,9,14
 646	c2-1c0s1s2	1,10,14
 647	c2-1c0s1s3	1,11,14
 648	c2-1c0s2s0	1,8,13
 649	c2-1c0s2s1	1,9,13
 650	c2-1c0s2s2	1,10,13
 651	c2-1c0s2s3	1,11,13
 652	c2-1c0s3s0	1,8,12
 653	c2-1c0s3s1	1,9,12
 654	c2-1c0s3s2	1,10,12
 655	c2-1c0s3s3	1,11,12
 656	c2-1c0s4s0	1,8,11
 657	c2-1c0s4s1	1,9,11
 658	c2-1c0s4s2	1,10,11
 659	c2-1c0s4s3	1,11,11
 660	c2-1c0s5s0	1,8,10
 661	c2-1c0s5s1	1,9,10
 662	c2-1c0s5s2	1,10,10
 663	c2-1c0s5s3	1,11,10
 664	c2-1c0s6s0	1,8,9
 665	c2-1c0s6s1	1,9,9
 666	c2-1c0s6s2	1,10,9
 667	c2-1c0s6s3	1,11,9
 668	c2-1c0s7s0	1,8,8
 669	c2-1c0s7s1	1,9,8
 670	c2-1c0s7s2	1,10,8
 671	c2-1c0s7s3	1,11,8
 672	c2-1c1s0s0	1,4,15
 673	c2-1c1s0s1	1,5,15
 674	c2-1c1s0s2	1,6,15
 675	c2-1c1s0s3	1,7,15
 676	c2-1c1s1s0	1,4,14
 677	c2-1c1s1s1	1,5,14
 678	c2-1c1s1s2	1,6,14
 679	c2-1c1s1s3	1,7,14
 680	c2-1c1s2s0	1,4,13
 681	c2-1c1s2s1	1,5,13
 682	c2-1c1s2s2	1,6,13
 683	c2-1c1s2s3	1,7,13
 684	c2-1c1s3s0	1,4,12
 685	c2-1c1s3s1	1,5,12
 686	c2-1c1s3s2	1,6,12
 687	c2-1c1s3s3	1,7,12
 688	c2-1c1s4s0	1,4,11
 689	c2-1c1s4s1	1,5,11
 690	c2-1c1s4s2	1,6,11
 691	c2-1c1s4s3	1,7,11
 692	c2-1c1s5s0	1,4,10
 693	c2-1c1s5s1	1,5,10
 694	c2-1c1s5s2	1,6,10
 695	c2-1c1s5s3	1,7,10
 696	c2-1c1s6s0	1,4,9
 697	c2-1c1s6s1	1,5,9
 698	c2-1c1s6s2	1,6,9
 699	c2-1c1s6s3	1,7,9
 700	c2-1c1s7s0	1,4,8
 701	c2-1c1s7s1	1,5,8
 702	c2-1c1s7s2	1,6,8
 703	c2-1c1s7s3	1,7,8
 704	c2-1c2s0s0	1,0,15
 705	c2-1c2s0s1	1,1,15
 706	c2-1c2s0s2	1,2,15
 707	c2-1c2s0s3	1,3,15
 708	c2-1c2s1s0	1,0,14
 709	c2-1c2s1s1	1,1,14
 710	c2-1c2s1s2	1,2,14
 711	c2-1c2s1s3	1,3,14
 712	c2-1c2s2s0	1,0,13
 713	c2-1c2s2s1	1,1,13
 714	c2-1c2s2s2	1,2,13
 715	c2-1c2s2s3	1,3,13
 716	c2-1c2s3s0	1,0,12
 717	c2-1c2s3s1	1,1,12
 718	c2-1c2s3s2	1,2,12
 719	c2-1c2s3s3	1,3,12
 720	c2-1c2s4s0	1,0,11
 721	c2-1c2s4s1	1,1,11
 722	c2-1c2s4s2	1,2,11
 723	c2-1c2s4s3	1,3,11
 724	c2-1c2s5s0	1,0,10
 725	c2-1c2s5s1	1,1,10
 726	c2-1c2s5s2	1,2,10
 727	c2-1c2s5s3	1,3,10
 728	c2-1c2s6s0	1,0,9
 729	c2-1c2s6s1	1,1,9
 730	c2-1c2s6s2	1,2,9
 731	c2-1c2s6s3	1,3,9
 732	c2-1c2s7s0	1,0,8
 733	c2-1c2s7s1	1,1,8
 734	c2-1c2s7s2	1,2,8
 735	c2-1c2s7s3	1,3,8
 768	c3-0c0s0s0	9,0,0
 769	c3-0c0s0s1	9,1,0
 770	c3-0c0s0s2	9,2,0
 771	c3-0c0s0s3	9,3,0
 772	c3-0c0s1s0	9,0,1
 773	c3-0c0s1s1	9,1,1
 774	c3-0c0s1s2	9,2,1
 775	c3-0c0s1s3	9,3,1
 776	c3-0c0s2s0	9,0,2
 777	c3-0c0s2s1	9,1,2
 778	c3-0c0s2s2	9,2,2
 779	c3-0c0s2s3	9,3,2
 780	c3-0c0s3s0	9,0,3
 781	c3-0c0s3s1	9,1,3
 782	c3-0c0s3s2	9,2,3
 783	c3-0c0s3s3	9,3,3
 784	c3-0c0s4s0	9,0,4
 785	c3-0c0s4s1	9,1,4
 786	c3-0c0s4s2	9,2,4
 787	c3-0c0s4s3	9,3,4
 788	c3-0c0s5s0	9,0,5
 789	c3-0c0s5s1	9,1,5
 790	c3-0c0s5s2	9,2,5
 791	c3-0c0s5s3	9,3,5
 792	c3-0c0s6s0	9,0,6
 793	c3-0c0s6s1	9,1,6
 794	c3-0c0s6s2	9,2,6
 795	c3-0c0s6s3	9,3,6
 796	c3-0c0s7s0	9,0,7
 797	c3-0c0s7s1	9,1,7
 798	c3-0c0s7s2	9,2,7
 799	c3-0c0s7s3	9,3,7
 800	c3-0c1s0s0	9,4,0
 801	c3-0c1s0s1	9,5,0
 802	c3-0c1s0s2	9,6,0
 803	c3-0c1s0s3	9,7,0
 804	c3-0c1s1s0	9,4,1
 805	c3-0c1s1s1	9,5,1
 806	c3-0c1s1s2	9,6,1
 807	c3-0c1s1s3	9,7,1
 808	c3-0c1s2s0	9,4,2
 809	c3-0c1s2s1	9,5,2
 810	c3-0c1s2s2	9,6,2
 811	c3-0c1s2s3	9,7,2
 812	c3-0c1s3s0	9,4,3
 813	c3-0c1s3s1	9,5,3
 814	c3-0c1s3s2	9,6,3
 815	c3-0c1s3s3	9,7,3
 816	c3-0c1s4s0	9,4,4
 817	c3-0c1s4s1	9,5,4
 818	c3-0c1s4s2	9,6,4
 819	c3-0c1s4s3	9,7,4
 820	c3-0c1s5s0	9,4,5
 821	c3-0c1s5s1	9,5,5
 822	c3-0c1s5s2	9,6,5
 823	c3-0c1s5s3	9,7,5
 824	c3-0c1s6s0	9,4,6
 825	c3-0c1s6s1	9,5,6
 826	c3-0c1s6s2	9,6,6
 827	c3-0c1s6s3	9,7,6
 828	c3-0c1s7s0	9,4,7
 829	c3-0c1s7s1	9,5,7
 830	c3-0c1s7s2	9,6,7
 831	c3-0c1s7s3	9,7,7
 832	c3-0c2s0s0	9,8,0
 833	c3-0c2s0s1	9,9,0
 834	c3-0c2s0s2	9,10,0
 835	c3-0c2s0s3	9,11,0
 836	c3-0c2s1s0	9,8,1
 837	c3-0c2s1s1	9,9,1
 838	c3-0c2s1s2	9,10,1
 839	c3-0c2s1s3	9,11,1
 840	c3-0c2s2s0	9,8,2
 841	c3-0c2s2s1	9,9,2
 842	c3-0c2s2s2	9,10,2
 843	c3-0c2s2s3	9,11,2
 844	c3-0c2s3s0	9,8,3
 845	c3-0c2s3s1	9,9,3
 846	c3-0c2s3s2	9,10,3
 847	c3-0c2s3s3	9,11,3
 848	c3-0c2s4s0	9,8,4
 849	c3-0c2s4s1	9,9,4
 850	c3-0c2s4s2	9,10,4
 851	c3-0c2s4s3	9,11,4
 852	c3-0c2s5s0	9,8,5
 853	c3-0c2s5s1	9,9,5
 854	c3-0c2s5s2	9,10,5
 855	c3-0c2s5s3	9,11,5
 856	c3-0c2s6s0	9,8,6
 857	c3-0c2s6s1	9,9,6
 858	c3-0c2s6s2	9,10,6
 859	c3-0c2s6s3	9,11,6
 860	c3-0c2s7s0	9,8,7
 861	c3-0c2s7s1	9,9,7
 862	c3-0c2s7s2	9,10,7
 863	c3-0c2s7s3	9,11,7
 896	c3-1c0s0s0	9,8,15
 897	c3-1c0s0s1	9,9,15
 898	c3-1c0s0s2	9,10,15
 899	c3-1c0s0s3	9,11,15
 900	c3-1c0s1s0	9,8,14
 901	c3-1c0s1s1	9,9,14
 902	c3-1c0s1s2	9,10,14
 903	c3-1c0s1s3	9,11,14
 904	c3-1c0s2s0	9,8,13
 905	c3-1c0s2s1	9,9,13
 906	c3-1c0s2s2	9,10,13
 907	c3-1c0s2s3	9,11,13
 908	c3-1c0s3s0	9,8,12
 909	c3-1c0s3s1	9,9,12
 910	c3-1c0s3s2	9,10,12
 911	c3-1c0s3s3	9,11,12
 912	c3-1c0s4s0	9,8,11
 913	c3-1c0s4s1	9,9,11
 914	c3-1c0s4s2	9,10,11
 915	c3-1c0s4s3	9,11,11
 916	c3-1c0s5s0	9,8,10
 917	c3-1c0s5s1	9,9,10
 918	c3-1c0s5s2	9,10,10
 919	c3-1c0s5s3	9,11,10
 920	c3-1c0s6s0	9,8,9
 921	c3-1c0s6s1	9,9,9
 922	c3-1c0s6s2	9,10,9
 923	c3-1c0s6s3	9,11,9
 924	c3-1c0s7s0	9,8,8
 925	c3-1c0s7s1	9,9,8
 926	c3-1c0s7s2	9,10,8
 927	c3-1c0s7s3	9,11,8
 928	c3-1c1s0s0	9,4,15
 929	c3-1c1s0s1	9,5,15
 930	c3-1c1s0s2	9,6,15
 931	c3-1c1s0s3	9,7,15
 932	c3-1c1s1s0	9,4,14
 933	c3-1c1s1s1	9,5,14
 934	c3-1c1s1s2	9,6,14
 935	c3-1c1s1s3	9,7,14
 936	c3-1c1s2s0	9,4,13
 937	c3-1c1s2s1	9,5,13
 938	c3-1c1s2s2	9,6,13
 939	c3-1c1s2s3	9,7,13
 940	c3-1c1s3s0	9,4,12
 941	c3-1c1s3s1	9,5,12
 942	c3-1c1s3s2	9,6,12
 943	c3-1c1s3s3	9,7,12
 944	c3-1c1s4s0	9,4,11
 945	c3-1c1s4s1	9,5,11
 946	c3-1c1s4s2	9,6,11
 947	c3-1c1s4s3	9,7,11
 948	c3-1c1s5s0	9,4,10
 949	c3-1c1s5s1	9,5,10
 950	c3-1c1s5s2	9,6,10
 951	c3-1c1s5s3	9,7,10
 952	c3-1c1s6s0	9,4,9
 953	c3-1c1s6s1	9,5,9
 954	c3-1c1s6s2	9,6,9
 955	c3-1c1s6s3	9,7,9
 956	c3-1c1s7s0	9,4,8
 957	c3-1c1s7s1	9,5,8
 958	c3-1c1s7s2	9,6,8
 959	c3-1c1s7s3	9,7,8
 960	c3-1c2s0s0	9,0,15
 961	c3-1c2s0s1	9,1,15
 962	c3-1c2s0s2	9,2,15
 963	c3-1c2s0s3	9,3,15
 964	c3-1c2s1s0	9,0,14
 965	c3-1c2s1s1	9,1,14
 966	c3-1c2s1s2	9,2,14
 967	c3-1c2s1s3	9,3,14
 968	c3-1c2s2s0	9,0,13
 969	c3-1c2s2s1	9,1,13
 970	c3-1c2s2s2	9,2,13
 971	c3-1c2s2s3	9,3,13
 972	c3-1c2s3s0	9,0,12
 973	c3-1c2s3s1	9,1,12
 974	c3-1c2s3s2	9,2,12
 975	c3-1c2s3s3	9,3,12
 976	c3-1c2s4s0	9,0,11
 977	c3-1c2s4s1	9,1,11
 978	c3-1c2s4s2	9,2,11
 979	c3-1c2s4s3	9,3,11
 980	c3-1c2s5s0	9,0,10
 981	c3-1c2s5s1	9,1,10
 982	c3-1c2s5s2	9,2,10
 983	c3-1c2s5s3	9,3,10
 984	c3-1c2s6s0	9,0,9
 985	c3-1c2s6s1	9,1,9
 986	c3-1c2s6s2	9,2,9
 987	c3-1c2s6s3	9,3,9
 988	c3-1c2s7s0	9,0,8
 989	c3-1c2s7s1	9,1,8
 990	c3-1c2s7s2	9,2,8
 991	c3-1c2s7s3	9,3,8
 1024	c4-0c0s0s0	2,0,0
 1025	c4-0c0s0s1	2,1,0
 1026	c4-0c0s0s2	2,2,0
 1027	c4-0c0s0s3	2,3,0
 1028	c4-0c0s1s0	2,0,1
 1029	c4-0c0s1s1	2,1,1
 1030	c4-0c0s1s2	2,2,1
 1031	c4-0c0s1s3	2,3,1
 1032	c4-0c0s2s0	2,0,2
 1033	c4-0c0s2s1	2,1,2
 1034	c4-0c0s2s2	2,2,2
 1035	c4-0c0s2s3	2,3,2
 1036	c4-0c0s3s0	2,0,3
 1037	c4-0c0s3s1	2,1,3
 1038	c4-0c0s3s2	2,2,3
 1039	c4-0c0s3s3	2,3,3
 1040	c4-0c0s4s0	2,0,4
 1041	c4-0c0s4s1	2,1,4
 1042	c4-0c0s4s2	2,2,4
 1043	c4-0c0s4s3	2,3,4
 1044	c4-0c0s5s0	2,0,5
 1045	c4-0c0s5s1	2,1,5
 1046	c4-0c0s5s2	2,2,5
 1047	c4-0c0s5s3	2,3,5
 1048	c4-0c0s6s0	2,0,6
 1049	c4-0c0s6s1	2,1,6
 1050	c4-0c0s6s2	2,2,6
 1051	c4-0c0s6s3	2,3,6
 1052	c4-0c0s7s0	2,0,7
 1053	c4-0c0s7s1	2,1,7
 1054	c4-0c0s7s2	2,2,7
 1055	c4-0c0s7s3	2,3,7
 1056	c4-0c1s0s0	2,4,0
 1057	c4-0c1s0s1	2,5,0
 1058	c4-0c1s0s2	2,6,0
 1059	c4-0c1s0s3	2,7,0
 1060	c4-0c1s1s0	2,4,1
 1061	c4-0c1s1s1	2,5,1
 1062	c4-0c1s1s2	2,6,1
 1063	c4-0c1s1s3	2,7,1
 1064	c4-0c1s2s0	2,4,2
 1065	c4-0c1s2s1	2,5,2
 1066	c4-0c1s2s2	2,6,2
 1067	c4-0c1s2s3	2,7,2
 1068	c4-0c1s3s0	2,4,3
 1069	c4-0c1s3s1	2,5,3
 1070	c4-0c1s3s2	2,6,3
 1071	c4-0c1s3s3	2,7,3
 1072	c4-0c1s4s0	2,4,4
 1073	c4-0c1s4s1	2,5,4
 1074	c4-0c1s4s2	2,6,4
 1075	c4-0c1s4s3	2,7,4
 1076	c4-0c1s5s0	2,4,5
 1077	c4-0c1s5s1	2,5,5
 1078	c4-0c1s5s2	2,6,5
 1079	c4-0c1s5s3	2,7,5
 1080	c4-0c1s6s0	2,4,6
 1081	c4-0c1s6s1	2,5,6
 1082	c4-0c1s6s2	2,6,6
 1083	c4-0c1s6s3	2,7,6
 1084	c4-0c1s7s0	2,4,7
 1085	c4-0c1s7s1	2,5,7
 1086	c4-0c1s7s2	2,6,7
 1087	c4-0c1s7s3	2,7,7
 1088	c4-0c2s0s0	2,8,0
 1089	c4-0c2s0s1	2,9,0
 1090	c4-0c2s0s2	2,10,0
 1091	c4-0c2s0s3	2,11,0
 1092	c4-0c2s1s0	2,8,1
 1093	c4-0c2s1s1	2,9,1
 1094	c4-0c2s1s2	2,10,1
 1095	c4-0c2s1s3	2,11,1
 1096	c4-0c2s2s0	2,8,2
 1097	c4-0c2s2s1	2,9,2
 1098	c4-0c2s2s2	2,10,2
 1099	c4-0c2s2s3	2,11,2
 1100	c4-0c2s3s0	2,8,3
 1101	c4-0c2s3s1	2,9,3
 1102	c4-0c2s3s2	2,10,3
 1103	c4-0c2s3s3	2,11,3
 1104	c4-0c2s4s0	2,8,4
 1105	c4-0c2s4s1	2,9,4
 1106	c4-0c2s4s2	2,10,4
 1107	c4-0c2s4s3	2,11,4
 1108	c4-0c2s5s0	2,8,5
 1109	c4-0c2s5s1	2,9,5
 1110	c4-0c2s5s2	2,10,5
 1111	c4-0c2s5s3	2,11,5
 1112	c4-0c2s6s0	2,8,6
 1113	c4-0c2s6s1	2,9,6
 1114	c4-0c2s6s2	2,10,6
 1115	c4-0c2s6s3	2,11,6
 1116	c4-0c2s7s0	2,8,7
 1117	c4-0c2s7s1	2,9,7
 1118	c4-0c2s7s2	2,10,7
 1119	c4-0c2s7s3	2,11,7
 1152	c4-1c0s0s0	2,8,15
 1153	c4-1c0s0s1	2,9,15
 1154	c4-1c0s0s2	2,10,15
 1155	c4-1c0s0s3	2,11,15
 1156	c4-1c0s1s0	2,8,14
 1157	c4-1c0s1s1	2,9,14
 1158	c4-1c0s1s2	2,10,14
 1159	c4-1c0s1s3	2,11,14
 1160	c4-1c0s2s0	2,8,13
 1161	c4-1c0s2s1	2,9,13
 1162	c4-1c0s2s2	2,10,13
 1163	c4-1c0s2s3	2,11,13
 1164	c4-1c0s3s0	2,8,12
 1165	c4-1c0s3s1	2,9,12
 1166	c4-1c0s3s2	2,10,12
 1167	c4-1c0s3s3	2,11,12
 1168	c4-1c0s4s0	2,8,11
 1169	c4-1c0s4s1	2,9,11
 1170	c4-1c0s4s2	2,10,11
 1171	c4-1c0s4s3	2,11,11
 1172	c4-1c0s5s0	2,8,10
 1173	c4-1c0s5s1	2,9,10
 1174	c4-1c0s5s2	2,10,10
 1175	c4-1c0s5s3	2,11,10
 1176	c4-1c0s6s0	2,8,9
 1177	c4-1c0s6s1	2,9,9
 1178	c4-1c0s6s2	2,10,9
 1179	c4-1c0s6s3	2,11,9
 1180	c4-1c0s7s0	2,8,8
 1181	c4-1c0s7s1	2,9,8
 1182	c4-1c0s7s2	2,10,8
 1183	c4-1c0s7s3	2,11,8
 1184	c4-1c1s0s0	2,4,15
 1185	c4-1c1s0s1	2,5,15
 1186	c4-1c1s0s2	2,6,15
 1187	c4-1c1s0s3	2,7,15
 1188	c4-1c1s1s0	2,4,14
 1189	c4-1c1s1s1	2,5,14
 1190	c4-1c1s1s2	2,6,14
 1191	c4-1c1s1s3	2,7,14
 1192	c4-1c1s2s0	2,4,13
 1193	c4-1c1s2s1	2,5,13
 1194	c4-1c1s2s2	2,6,13
 1195	c4-1c1s2s3	2,7,13
 1196	c4-1c1s3s0	2,4,12
 1197	c4-1c1s3s1	2,5,12
 1198	c4-1c1s3s2	2,6,12
 1199	c4-1c1s3s3	2,7,12
 1200	c4-1c1s4s0	2,4,11
 1201	c4-1c1s4s1	2,5,11
 1202	c4-1c1s4s2	2,6,11
 1203	c4-1c1s4s3	2,7,11
 1204	c4-1c1s5s0	2,4,10
 1205	c4-1c1s5s1	2,5,10
 1206	c4-1c1s5s2	2,6,10
 1207	c4-1c1s5s3	2,7,10
 1208	c4-1c1s6s0	2,4,9
 1209	c4-1c1s6s1	2,5,9
 1210	c4-1c1s6s2	2,6,9
 1211	c4-1c1s6s3	2,7,9
 1212	c4-1c1s7s0	2,4,8
 1213	c4-1c1s7s1	2,5,8
 1214	c4-1c1s7s2	2,6,8
 1215	c4-1c1s7s3	2,7,8
 1216	c4-1c2s0s0	2,0,15
 1217	c4-1c2s0s1	2,1,15
 1218	c4-1c2s0s2	2,2,15
 1219	c4-1c2s0s3	2,3,15
 1220	c4-1c2s1s0	2,0,14
 1221	c4-1c2s1s1	2,1,14
 1222	c4-1c2s1s2	2,2,14
 1223	c4-1c2s1s3	2,3,14
 1224	c4-1c2s2s0	2,0,13
 1225	c4-1c2s2s1	2,1,13
 1226	c4-1c2s2s2	2,2,13
 1227	c4-1c2s2s3	2,3,13
 1228	c4-1c2s3s0	2,0,12
 1229	c4-1c2s3s1	2,1,12
 1230	c4-1c2s3s2	2,2,12
 1231	c4-1c2s3s3	2,3,12
 1232	c4-1c2s4s0	2,0,11
 1233	c4-1c2s4s1	2,1,11
 1234	c4-1c2s4s2	2,2,11
 1235	c4-1c2s4s3	2,3,11
 1236	c4-1c2s5s0	2,0,10
 1237	c4-1c2s5s1	2,1,10
 1238	c4-1c2s5s2	2,2,10
 1239	c4-1c2s5s3	2,3,10
 1240	c4-1c2s6s0	2,0,9
 1241	c4-1c2s6s1	2,1,9
 1242	c4-1c2s6s2	2,2,9
 1243	c4-1c2s6s3	2,3,9
 1244	c4-1c2s7s0	2,0,8
 1245	c4-1c2s7s1	2,1,8
 1246	c4-1c2s7s2	2,2,8
 1247	c4-1c2s7s3	2,3,8
 1280	c5-0c0s0s0	8,0,0
 1281	c5-0c0s0s1	8,1,0
 1282	c5-0c0s0s2	8,2,0
 1283	c5-0c0s0s3	8,3,0
 1284	c5-0c0s1s0	8,0,1
 1285	c5-0c0s1s1	8,1,1
 1286	c5-0c0s1s2	8,2,1
 1287	c5-0c0s1s3	8,3,1
 1288	c5-0c0s2s0	8,0,2
 1289	c5-0c0s2s1	8,1,2
 1290	c5-0c0s2s2	8,2,2
 1291	c5-0c0s2s3	8,3,2
 1292	c5-0c0s3s0	8,0,3
 1293	c5-0c0s3s1	8,1,3
 1294	c5-0c0s3s2	8,2,3
 1295	c5-0c0s3s3	8,3,3
 1296	c5-0c0s4s0	8,0,4
 1297	c5-0c0s4s1	8,1,4
 1298	c5-0c0s4s2	8,2,4
 1299	c5-0c0s4s3	8,3,4
 1300	c5-0c0s5s0	8,0,5
 1301	c5-0c0s5s1	8,1,5
 1302	c5-0c0s5s2	8,2,5
 1303	c5-0c0s5s3	8,3,5
 1304	c5-0c0s6s0	8,0,6
 1305	c5-0c0s6s1	8,1,6
 1306	c5-0c0s6s2	8,2,6
 1307	c5-0c0s6s3	8,3,6
 1308	c5-0c0s7s0	8,0,7
 1309	c5-0c0s7s1	8,1,7
 1310	c5-0c0s7s2	8,2,7
 1311	c5-0c0s7s3	8,3,7
 1312	c5-0c1s0s0	8,4,0
 1313	c5-0c1s0s1	8,5,0
 1314	c5-0c1s0s2	8,6,0
 1315	c5-0c1s0s3	8,7,0
 1316	c5-0c1s1s0	8,4,1
 1317	c5-0c1s1s1	8,5,1
 1318	c5-0c1s1s2	8,6,1
 1319	c5-0c1s1s3	8,7,1
 1320	c5-0c1s2s0	8,4,2
 1321	c5-0c1s2s1	8,5,2
 1322	c5-0c1s2s2	8,6,2
 1323	c5-0c1s2s3	8,7,2
 1324	c5-0c1s3s0	8,4,3
 1325	c5-0c1s3s1	8,5,3
 1326	c5-0c1s3s2	8,6,3
 1327	c5-0c1s3s3	8,7,3
 1328	c5-0c1s4s0	8,4,4
 1329	c5-0c1s4s1	8,5,4
 1330	c5-0c1s4s2	8,6,4
 1331	c5-0c1s4s3	8,7,4
 1332	c5-0c1s5s0	8,4,5
 1333	c5-0c1s5s1	8,5,5
 1334	c5-0c1s5s2	8,6,5
 1335	c5-0c1s5s3	8,7,5
 1336	c5-0c1s6s0	8,4,6
 1337	c5-0c1s6s1	8,5,6
 1338	c5-0c1s6s2	8,6,6
 1339	c5-0c1s6s3	8,7,6
 1340	c5-0c1s7s0	8,4,7
 1341	c5-0c1s7s1	8,5,7
 1342	c5-0c1s7s2	8,6,7
 1343	c5-0c1s7s3	8,7,7
 1344	c5-0c2s0s0	8,8,0
 1345	c5-0c2s0s1	8,9,0
 1346	c5-0c2s0s2	8,10,0
 1347	c5-0c2s0s3	8,11,0
 1348	c5-0c2s1s0	8,8,1
 1349	c5-0c2s1s1	8,9,1
 1350	c5-0c2s1s2	8,10,1
 1351	c5-0c2s1s3	8,11,1
 1352	c5-0c2s2s0	8,8,2
 1353	c5-0c2s2s1	8,9,2
 1354	c5-0c2s2s2	8,10,2
 1355	c5-0c2s2s3	8,11,2
 1356	c5-0c2s3s0	8,8,3
 1357	c5-0c2s3s1	8,9,3
 1358	c5-0c2s3s2	8,10,3
 1359	c5-0c2s3s3	8,11,3
 1360	c5-0c2s4s0	8,8,4
 1361	c5-0c2s4s1	8,9,4
 1362	c5-0c2s4s2	8,10,4
 1363	c5-0c2s4s3	8,11,4
 1364	c5-0c2s5s0	8,8,5
 1365	c5-0c2s5s1	8,9,5
 1366	c5-0c2s5s2	8,10,5
 1367	c5-0c2s5s3	8,11,5
 1368	c5-0c2s6s0	8,8,6
 1369	c5-0c2s6s1	8,9,6
 1370	c5-0c2s6s2	8,10,6
 1371	c5-0c2s6s3	8,11,6
 1372	c5-0c2s7s0	8,8,7
 1373	c5-0c2s7s1	8,9,7
 1374	c5-0c2s7s2	8,10,7
 1375	c5-0c2s7s3	8,11,7
 1408	c5-1c0s0s0	8,8,15
 1411	c5-1c0s0s3	8,11,15
 1412	c5-1c0s1s0	8,8,14
 1413	c5-1c0s1s1	8,9,14
 1414	c5-1c0s1s2	8,10,14
 1415	c5-1c0s1s3	8,11,14
 1416	c5-1c0s2s0	8,8,13
 1417	c5-1c0s2s1	8,9,13
 1418	c5-1c0s2s2	8,10,13
 1419	c5-1c0s2s3	8,11,13
 1420	c5-1c0s3s0	8,8,12
 1421	c5-1c0s3s1	8,9,12
 1422	c5-1c0s3s2	8,10,12
 1423	c5-1c0s3s3	8,11,12
 1424	c5-1c0s4s0	8,8,11
 1425	c5-1c0s4s1	8,9,11
 1426	c5-1c0s4s2	8,10,11
 1427	c5-1c0s4s3	8,11,11
 1428	c5-1c0s5s0	8,8,10
 1429	c5-1c0s5s1	8,9,10
 1430	c5-1c0s5s2	8,10,10
 1431	c5-1c0s5s3	8,11,10
 1432	c5-1c0s6s0	8,8,9
 1433	c5-1c0s6s1	8,9,9
 1434	c5-1c0s6s2	8,10,9
 1435	c5-1c0s6s3	8,11,9
 1436	c5-1c0s7s0	8,8,8
 1437	c5-1c0s7s1	8,9,8
 1438	c5-1c0s7s2	8,10,8
 1439	c5-1c0s7s3	8,11,8
 1440	c5-1c1s0s0	8,4,15
 1441	c5-1c1s0s1	8,5,15
 1442	c5-1c1s0s2	8,6,15
 1443	c5-1c1s0s3	8,7,15
 1444	c5-1c1s1s0	8,4,14
 1445	c5-1c1s1s1	8,5,14
 1446	c5-1c1s1s2	8,6,14
 1447	c5-1c1s1s3	8,7,14
 1448	c5-1c1s2s0	8,4,13
 1449	c5-1c1s2s1	8,5,13
 1450	c5-1c1s2s2	8,6,13
 1451	c5-1c1s2s3	8,7,13
 1452	c5-1c1s3s0	8,4,12
 1453	c5-1c1s3s1	8,5,12
 1454	c5-1c1s3s2	8,6,12
 1455	c5-1c1s3s3	8,7,12
 1456	c5-1c1s4s0	8,4,11
 1457	c5-1c1s4s1	8,5,11
 1458	c5-1c1s4s2	8,6,11
 1459	c5-1c1s4s3	8,7,11
 1460	c5-1c1s5s0	8,4,10
 1461	c5-1c1s5s1	8,5,10
 1462	c5-1c1s5s2	8,6,10
 1463	c5-1c1s5s3	8,7,10
 1464	c5-1c1s6s0	8,4,9
 1465	c5-1c1s6s1	8,5,9
 1466	c5-1c1s6s2	8,6,9
 1467	c5-1c1s6s3	8,7,9
 1468	c5-1c1s7s0	8,4,8
 1469	c5-1c1s7s1	8,5,8
 1470	c5-1c1s7s2	8,6,8
 1471	c5-1c1s7s3	8,7,8
 1472	c5-1c2s0s0	8,0,15
 1473	c5-1c2s0s1	8,1,15
 1474	c5-1c2s0s2	8,2,15
 1475	c5-1c2s0s3	8,3,15
 1476	c5-1c2s1s0	8,0,14
 1477	c5-1c2s1s1	8,1,14
 1478	c5-1c2s1s2	8,2,14
 1479	c5-1c2s1s3	8,3,14
 1480	c5-1c2s2s0	8,0,13
 1481	c5-1c2s2s1	8,1,13
 1482	c5-1c2s2s2	8,2,13
 1483	c5-1c2s2s3	8,3,13
 1484	c5-1c2s3s0	8,0,12
 1485	c5-1c2s3s1	8,1,12
 1486	c5-1c2s3s2	8,2,12
 1487	c5-1c2s3s3	8,3,12
 1488	c5-1c2s4s0	8,0,11
 1489	c5-1c2s4s1	8,1,11
 1490	c5-1c2s4s2	8,2,11
 1491	c5-1c2s4s3	8,3,11
 1492	c5-1c2s5s0	8,0,10
 1493	c5-1c2s5s1	8,1,10
 1494	c5-1c2s5s2	8,2,10
 1495	c5-1c2s5s3	8,3,10
 1496	c5-1c2s6s0	8,0,9
 1497	c5-1c2s6s1	8,1,9
 1498	c5-1c2s6s2	8,2,9
 1499	c5-1c2s6s3	8,3,9
 1500	c5-1c2s7s0	8,0,8
 1501	c5-1c2s7s1	8,1,8
 1502	c5-1c2s7s2	8,2,8
 1503	c5-1c2s7s3	8,3,8
 1536	c6-0c0s0s0	3,0,0
 1537	c6-0c0s0s1	3,1,0
 1538	c6-0c0s0s2	3,2,0
 1539	c6-0c0s0s3	3,3,0
 1540	c6-0c0s1s0	3,0,1
 1541	c6-0c0s1s1	3,1,1
 1542	c6-0c0s1s2	3,2,1
 1543	c6-0c0s1s3	3,3,1
 1544	c6-0c0s2s0	3,0,2
 1545	c6-0c0s2s1	3,1,2
 1546	c6-0c0s2s2	3,2,2
 1547	c6-0c0s2s3	3,3,2
 1548	c6-0c0s3s0	3,0,3
 1549	c6-0c0s3s1	3,1,3
 1550	c6-0c0s3s2	3,2,3
 1551	c6-0c0s3s3	3,3,3
 1552	c6-0c0s4s0	3,0,4
 1553	c6-0c0s4s1	3,1,4
 1554	c6-0c0s4s2	3,2,4
 1555	c6-0c0s4s3	3,3,4
 1556	c6-0c0s5s0	3,0,5
 1557	c6-0c0s5s1	3,1,5
 1558	c6-0c0s5s2	3,2,5
 1559	c6-0c0s5s3	3,3,5
 1560	c6-0c0s6s0	3,0,6
 1561	c6-0c0s6s1	3,1,6
 1562	c6-0c0s6s2	3,2,6
 1563	c6-0c0s6s3	3,3,6
 1564	c6-0c0s7s0	3,0,7
 1565	c6-0c0s7s1	3,1,7
 1566	c6-0c0s7s2	3,2,7
 1567	c6-0c0s7s3	3,3,7
 1568	c6-0c1s0s0	3,4,0
 1569	c6-0c1s0s1	3,5,0
 1570	c6-0c1s0s2	3,6,0
 1571	c6-0c1s0s3	3,7,0
 1572	c6-0c1s1s0	3,4,1
 1573	c6-0c1s1s1	3,5,1
 1574	c6-0c1s1s2	3,6,1
 1575	c6-0c1s1s3	3,7,1
 1576	c6-0c1s2s0	3,4,2
 1577	c6-0c1s2s1	3,5,2
 1578	c6-0c1s2s2	3,6,2
 1579	c6-0c1s2s3	3,7,2
 1580	c6-0c1s3s0	3,4,3
 1581	c6-0c1s3s1	3,5,3
 1582	c6-0c1s3s2	3,6,3
 1583	c6-0c1s3s3	3,7,3
 1584	c6-0c1s4s0	3,4,4
 1585	c6-0c1s4s1	3,5,4
 1586	c6-0c1s4s2	3,6,4
 1587	c6-0c1s4s3	3,7,4
 1588	c6-0c1s5s0	3,4,5
 1589	c6-0c1s5s1	3,5,5
 1590	c6-0c1s5s2	3,6,5
 1591	c6-0c1s5s3	3,7,5
 1592	c6-0c1s6s0	3,4,6
 1593	c6-0c1s6s1	3,5,6
 1594	c6-0c1s6s2	3,6,6
 1595	c6-0c1s6s3	3,7,6
 1596	c6-0c1s7s0	3,4,7
 1597	c6-0c1s7s1	3,5,7
 1598	c6-0c1s7s2	3,6,7
 1599	c6-0c1s7s3	3,7,7
 1600	c6-0c2s0s0	3,8,0
 1601	c6-0c2s0s1	3,9,0
 1602	c6-0c2s0s2	3,10,0
 1603	c6-0c2s0s3	3,11,0
 1604	c6-0c2s1s0	3,8,1
 1605	c6-0c2s1s1	3,9,1
 1606	c6-0c2s1s2	3,10,1
 1607	c6-0c2s1s3	3,11,1
 1608	c6-0c2s2s0	3,8,2
 1609	c6-0c2s2s1	3,9,2
 1610	c6-0c2s2s2	3,10,2
 1611	c6-0c2s2s3	3,11,2
 1612	c6-0c2s3s0	3,8,3
 1613	c6-0c2s3s1	3,9,3
 1614	c6-0c2s3s2	3,10,3
 1615	c6-0c2s3s3	3,11,3
 1616	c6-0c2s4s0	3,8,4
 1617	c6-0c2s4s1	3,9,4
 1618	c6-0c2s4s2	3,10,4
 1619	c6-0c2s4s3	3,11,4
 1620	c6-0c2s5s0	3,8,5
 1621	c6-0c2s5s1	3,9,5
 1622	c6-0c2s5s2	3,10,5
 1623	c6-0c2s5s3	3,11,5
 1624	c6-0c2s6s0	3,8,6
 1625	c6-0c2s6s1	3,9,6
 1626	c6-0c2s6s2	3,10,6
 1627	c6-0c2s6s3	3,11,6
 1628	c6-0c2s7s0	3,8,7
 1629	c6-0c2s7s1	3,9,7
 1630	c6-0c2s7s2	3,10,7
 1631	c6-0c2s7s3	3,11,7
 1664	c6-1c0s0s0	3,8,15
 1665	c6-1c0s0s1	3,9,15
 1666	c6-1c0s0s2	3,10,15
 1667	c6-1c0s0s3	3,11,15
 1668	c6-1c0s1s0	3,8,14
 1669	c6-1c0s1s1	3,9,14
 1670	c6-1c0s1s2	3,10,14
 1671	c6-1c0s1s3	3,11,14
 1672	c6-1c0s2s0	3,8,13
 1673	c6-1c0s2s1	3,9,13
 1674	c6-1c0s2s2	3,10,13
 1675	c6-1c0s2s3	3,11,13
 1676	c6-1c0s3s0	3,8,12
 1677	c6-1c0s3s1	3,9,12
 1678	c6-1c0s3s2	3,10,12
 1679	c6-1c0s3s3	3,11,12
 1680	c6-1c0s4s0	3,8,11
 1681	c6-1c0s4s1	3,9,11
 1682	c6-1c0s4s2	3,10,11
 1683	c6-1c0s4s3	3,11,11
 1684	c6-1c0s5s0	3,8,10
 1685	c6-1c0s5s1	3,9,10
 1686	c6-1c0s5s2	3,10,10
 1687	c6-1c0s5s3	3,11,10
 1688	c6-1c0s6s0	3,8,9
 1689	c6-1c0s6s1	3,9,9
 1690	c6-1c0s6s2	3,10,9
 1691	c6-1c0s6s3	3,11,9
 1692	c6-1c0s7s0	3,8,8
 1693	c6-1c0s7s1	3,9,8
 1694	c6-1c0s7s2	3,10,8
 1695	c6-1c0s7s3	3,11,8
 1696	c6-1c1s0s0	3,4,15
 1697	c6-1c1s0s1	3,5,15
 1698	c6-1c1s0s2	3,6,15
 1699	c6-1c1s0s3	3,7,15
 1700	c6-1c1s1s0	3,4,14
 1701	c6-1c1s1s1	3,5,14
 1702	c6-1c1s1s2	3,6,14
 1703	c6-1c1s1s3	3,7,14
 1704	c6-1c1s2s0	3,4,13
 1705	c6-1c1s2s1	3,5,13
 1706	c6-1c1s2s2	3,6,13
 1707	c6-1c1s2s3	3,7,13
 1708	c6-1c1s3s0	3,4,12
 1709	c6-1c1s3s1	3,5,12
 1710	c6-1c1s3s2	3,6,12
 1711	c6-1c1s3s3	3,7,12
 1712	c6-1c1s4s0	3,4,11
 1713	c6-1c1s4s1	3,5,11
 1714	c6-1c1s4s2	3,6,11
 1715	c6-1c1s4s3	3,7,11
 1716	c6-1c1s5s0	3,4,10
 1717	c6-1c1s5s1	3,5,10
 1718	c6-1c1s5s2	3,6,10
 1719	c6-1c1s5s3	3,7,10
 1720	c6-1c1s6s0	3,4,9
 1721	c6-1c1s6s1	3,5,9
 1722	c6-1c1s6s2	3,6,9
 1723	c6-1c1s6s3	3,7,9
 1724	c6-1c1s7s0	3,4,8
 1725	c6-1c1s7s1	3,5,8
 1726	c6-1c1s7s2	3,6,8
 1727	c6-1c1s7s3	3,7,8
 1728	c6-1c2s0s0	3,0,15
 1729	c6-1c2s0s1	3,1,15
 1730	c6-1c2s0s2	3,2,15
 1731	c6-1c2s0s3	3,3,15
 1732	c6-1c2s1s0	3,0,14
 1733	c6-1c2s1s1	3,1,14
 1734	c6-1c2s1s2	3,2,14
 1735	c6-1c2s1s3	3,3,14
 1736	c6-1c2s2s0	3,0,13
 1737	c6-1c2s2s1	3,1,13
 1738	c6-1c2s2s2	3,2,13
 1739	c6-1c2s2s3	3,3,13
 1740	c6-1c2s3s0	3,0,12
 1741	c6-1c2s3s1	3,1,12
 1742	c6-1c2s3s2	3,2,12
 1743	c6-1c2s3s3	3,3,12
 1744	c6-1c2s4s0	3,0,11
 1745	c6-1c2s4s1	3,1,11
 1746	c6-1c2s4s2	3,2,11
 1747	c6-1c2s4s3	3,3,11
 1748	c6-1c2s5s0	3,0,10
 1749	c6-1c2s5s1	3,1,10
 1750	c6-1c2s5s2	3,2,10
 1751	c6-1c2s5s3	3,3,10
 1752	c6-1c2s6s0	3,0,9
 1753	c6-1c2s6s1	3,1,9
 1754	c6-1c2s6s2	3,2,9
 1755	c6-1c2s6s3	3,3,9
 1756	c6-1c2s7s0	3,0,8
 1757	c6-1c2s7s1	3,1,8
 1758	c6-1c2s7s2	3,2,8
 1759	c6-1c2s7s3	3,3,8
 1792	c7-0c0s0s0	7,0,0
 1793	c7-0c0s0s1	7,1,0
 1794	c7-0c0s0s2	7,2,0
 1795	c7-0c0s0s3	7,3,0
 1796	c7-0c0s1s0	7,0,1
 1797	c7-0c0s1s1	7,1,1
 1798	c7-0c0s1s2	7,2,1
 1799	c7-0c0s1s3	7,3,1
 1800	c7-0c0s2s0	7,0,2
 1801	c7-0c0s2s1	7,1,2
 1802	c7-0c0s2s2	7,2,2
 1803	c7-0c0s2s3	7,3,2
 1804	c7-0c0s3s0	7,0,3
 1805	c7-0c0s3s1	7,1,3
 1806	c7-0c0s3s2	7,2,3
 1807	c7-0c0s3s3	7,3,3
 1808	c7-0c0s4s0	7,0,4
 1809	c7-0c0s4s1	7,1,4
 1810	c7-0c0s4s2	7,2,4
 1811	c7-0c0s4s3	7,3,4
 1812	c7-0c0s5s0	7,0,5
 1813	c7-0c0s5s1	7,1,5
 1814	c7-0c0s5s2	7,2,5
 1815	c7-0c0s5s3	7,3,5
 1816	c7-0c0s6s0	7,0,6
 1817	c7-0c0s6s1	7,1,6
 1818	c7-0c0s6s2	7,2,6
 1819	c7-0c0s6s3	7,3,6
 1820	c7-0c0s7s0	7,0,7
 1821	c7-0c0s7s1	7,1,7
 1822	c7-0c0s7s2	7,2,7
 1823	c7-0c0s7s3	7,3,7
 1824	c7-0c1s0s0	7,4,0
 1825	c7-0c1s0s1	7,5,0
 1826	c7-0c1s0s2	7,6,0
 1827	c7-0c1s0s3	7,7,0
 1828	c7-0c1s1s0	7,4,1
 1829	c7-0c1s1s1	7,5,1
 1830	c7-0c1s1s2	7,6,1
 1831	c7-0c1s1s3	7,7,1
 1832	c7-0c1s2s0	7,4,2
 1833	c7-0c1s2s1	7,5,2
 1834	c7-0c1s2s2	7,6,2
 1835	c7-0c1s2s3	7,7,2
 1836	c7-0c1s3s0	7,4,3
 1837	c7-0c1s3s1	7,5,3
 1838	c7-0c1s3s2	7,6,3
 1839	c7-0c1s3s3	7,7,3
 1840	c7-0c1s4s0	7,4,4
 1841	c7-0c1s4s1	7,5,4
 1842	c7-0c1s4s2	7,6,4
 1843	c7-0c1s4s3	7,7,4
 1844	c7-0c1s5s0	7,4,5
 1845	c7-0c1s5s1	7,5,5
 1846	c7-0c1s5s2	7,6,5
 1847	c7-0c1s5s3	7,7,5
 1848	c7-0c1s6s0	7,4,6
 1849	c7-0c1s6s1	7,5,6
 1850	c7-0c1s6s2	7,6,6
 1851	c7-0c1s6s3	7,7,6
 1852	c7-0c1s7s0	7,4,7
 1853	c7-0c1s7s1	7,5,7
 1854	c7-0c1s7s2	7,6,7
 1855	c7-0c1s7s3	7,7,7
 1856	c7-0c2s0s0	7,8,0
 1857	c7-0c2s0s1	7,9,0
 1858	c7-0c2s0s2	7,10,0
 1859	c7-0c2s0s3	7,11,0
 1860	c7-0c2s1s0	7,8,1
 1861	c7-0c2s1s1	7,9,1
 1862	c7-0c2s1s2	7,10,1
 1863	c7-0c2s1s3	7,11,1
 1864	c7-0c2s2s0	7,8,2
 1865	c7-0c2s2s1	7,9,2
 1866	c7-0c2s2s2	7,10,2
 1867	c7-0c2s2s3	7,11,2
 1868	c7-0c2s3s0	7,8,3
 1869	c7-0c2s3s1	7,9,3
 1870	c7-0c2s3s2	7,10,3
 1871	c7-0c2s3s3	7,11,3
 1872	c7-0c2s4s0	7,8,4
 1873	c7-0c2s4s1	7,9,4
 1874	c7-0c2s4s2	7,10,4
 1875	c7-0c2s4s3	7,11,4
 1876	c7-0c2s5s0	7,8,5
 1877	c7-0c2s5s1	7,9,5
 1878	c7-0c2s5s2	7,10,5
 1879	c7-0c2s5s3	7,11,5
 1880	c7-0c2s6s0	7,8,6
 1881	c7-0c2s6s1	7,9,6
 1882	c7-0c2s6s2	7,10,6
 1883	c7-0c2s6s3	7,11,6
 1884	c7-0c2s7s0	7,8,7
 1885	c7-0c2s7s1	7,9,7
 1886	c7-0c2s7s2	7,10,7
 1887	c7-0c2s7s3	7,11,7
 1920	c7-1c0s0s0	7,8,15
 1921	c7-1c0s0s1	7,9,15
 1922	c7-1c0s0s2	7,10,15
 1923	c7-1c0s0s3	7,11,15
 1924	c7-1c0s1s0	7,8,14
 1925	c7-1c0s1s1	7,9,14
 1926	c7-1c0s1s2	7,10,14
 1927	c7-1c0s1s3	7,11,14
 1928	c7-1c0s2s0	7,8,13
 1929	c7-1c0s2s1	7,9,13
 1930	c7-1c0s2s2	7,10,13
 1931	c7-1c0s2s3	7,11,13
 1932	c7-1c0s3s0	7,8,12
 1933	c7-1c0s3s1	7,9,12
 1934	c7-1c0s3s2	7,10,12
 1935	c7-1c0s3s3	7,11,12
 1936	c7-1c0s4s0	7,8,11
 1937	c7-1c0s4s1	7,9,11
 1938	c7-1c0s4s2	7,10,11
 1939	c7-1c0s4s3	7,11,11
 1940	c7-1c0s5s0	7,8,10
 1941	c7-1c0s5s1	7,9,10
 1942	c7-1c0s5s2	7,10,10
 1943	c7-1c0s5s3	7,11,10
 1944	c7-1c0s6s0	7,8,9
 1945	c7-1c0s6s1	7,9,9
 1946	c7-1c0s6s2	7,10,9
 1947	c7-1c0s6s3	7,11,9
 1948	c7-1c0s7s0	7,8,8
 1949	c7-1c0s7s1	7,9,8
 1950	c7-1c0s7s2	7,10,8
 1951	c7-1c0s7s3	7,11,8
 1952	c7-1c1s0s0	7,4,15
 1953	c7-1c1s0s1	7,5,15
 1954	c7-1c1s0s2	7,6,15
 1955	c7-1c1s0s3	7,7,15
 1956	c7-1c1s1s0	7,4,14
 1957	c7-1c1s1s1	7,5,14
 1958	c7-1c1s1s2	7,6,14
 1959	c7-1c1s1s3	7,7,14
 1960	c7-1c1s2s0	7,4,13
 1961	c7-1c1s2s1	7,5,13
 1962	c7-1c1s2s2	7,6,13
 1963	c7-1c1s2s3	7,7,13
 1964	c7-1c1s3s0	7,4,12
 1965	c7-1c1s3s1	7,5,12
 1966	c7-1c1s3s2	7,6,12
 1967	c7-1c1s3s3	7,7,12
 1968	c7-1c1s4s0	7,4,11
 1969	c7-1c1s4s1	7,5,11
 1970	c7-1c1s4s2	7,6,11
 1971	c7-1c1s4s3	7,7,11
 1972	c7-1c1s5s0	7,4,10
 1973	c7-1c1s5s1	7,5,10
 1974	c7-1c1s5s2	7,6,10
 1975	c7-1c1s5s3	7,7,10
 1976	c7-1c1s6s0	7,4,9
 1977	c7-1c1s6s1	7,5,9
 1978	c7-1c1s6s2	7,6,9
 1979	c7-1c1s6s3	7,7,9
 1980	c7-1c1s7s0	7,4,8
 1981	c7-1c1s7s1	7,5,8
 1982	c7-1c1s7s2	7,6,8
 1983	c7-1c1s7s3	7,7,8
 1984	c7-1c2s0s0	7,0,15
 1985	c7-1c2s0s1	7,1,15
 1986	c7-1c2s0s2	7,2,15
 1987	c7-1c2s0s3	7,3,15
 1988	c7-1c2s1s0	7,0,14
 1989	c7-1c2s1s1	7,1,14
 1990	c7-1c2s1s2	7,2,14
 1991	c7-1c2s1s3	7,3,14
 1992	c7-1c2s2s0	7,0,13
 1993	c7-1c2s2s1	7,1,13
 1994	c7-1c2s2s2	7,2,13
 1995	c7-1c2s2s3	7,3,13
 1996	c7-1c2s3s0	7,0,12
 1997	c7-1c2s3s1	7,1,12
 1998	c7-1c2s3s2	7,2,12
 1999	c7-1c2s3s3	7,3,12
 2000	c7-1c2s4s0	7,0,11
 2001	c7-1c2s4s1	7,1,11
 2002	c7-1c2s4s2	7,2,11
 2003	c7-1c2s4s3	7,3,11
 2004	c7-1c2s5s0	7,0,10
 2005	c7-1c2s5s1	7,1,10
 2006	c7-1c2s5s2	7,2,10
 2007	c7-1c2s5s3	7,3,10
 2008	c7-1c2s6s0	7,0,9
 2009	c7-1c2s6s1	7,1,9
 2010	c7-1c2s6s2	7,2,9
 2011	c7-1c2s6s3	7,3,9
 2012	c7-1c2s7s0	7,0,8
 2013	c7-1c2s7s1	7,1,8
 2014	c7-1c2s7s2	7,2,8
 2015	c7-1c2s7s3	7,3,8
 2048	c8-0c0s0s0	4,0,0
 2049	c8-0c0s0s1	4,1,0
 2050	c8-0c0s0s2	4,2,0
 2051	c8-0c0s0s3	4,3,0
 2052	c8-0c0s1s0	4,0,1
 2053	c8-0c0s1s1	4,1,1
 2054	c8-0c0s1s2	4,2,1
 2055	c8-0c0s1s3	4,3,1
 2056	c8-0c0s2s0	4,0,2
 2057	c8-0c0s2s1	4,1,2
 2058	c8-0c0s2s2	4,2,2
 2059	c8-0c0s2s3	4,3,2
 2060	c8-0c0s3s0	4,0,3
 2061	c8-0c0s3s1	4,1,3
 2062	c8-0c0s3s2	4,2,3
 2063	c8-0c0s3s3	4,3,3
 2064	c8-0c0s4s0	4,0,4
 2065	c8-0c0s4s1	4,1,4
 2066	c8-0c0s4s2	4,2,4
 2067	c8-0c0s4s3	4,3,4
 2068	c8-0c0s5s0	4,0,5
 2069	c8-0c0s5s1	4,1,5
 2070	c8-0c0s5s2	4,2,5
 2071	c8-0c0s5s3	4,3,5
 2072	c8-0c0s6s0	4,0,6
 2073	c8-0c0s6s1	4,1,6
 2074	c8-0c0s6s2	4,2,6
 2075	c8-0c0s6s3	4,3,6
 2076	c8-0c0s7s0	4,0,7
 2077	c8-0c0s7s1	4,1,7
 2078	c8-0c0s7s2	4,2,7
 2079	c8-0c0s7s3	4,3,7
 2080	c8-0c1s0s0	4,4,0
 2081	c8-0c1s0s1	4,5,0
 2082	c8-0c1s0s2	4,6,0
 2083	c8-0c1s0s3	4,7,0
 2084	c8-0c1s1s0	4,4,1
 2085	c8-0c1s1s1	4,5,1
 2086	c8-0c1s1s2	4,6,1
 2087	c8-0c1s1s3	4,7,1
 2088	c8-0c1s2s0	4,4,2
 2089	c8-0c1s2s1	4,5,2
 2090	c8-0c1s2s2	4,6,2
 2091	c8-0c1s2s3	4,7,2
 2092	c8-0c1s3s0	4,4,3
 2093	c8-0c1s3s1	4,5,3
 2094	c8-0c1s3s2	4,6,3
 2095	c8-0c1s3s3	4,7,3
 2096	c8-0c1s4s0	4,4,4
 2097	c8-0c1s4s1	4,5,4
 2098	c8-0c1s4s2	4,6,4
 2099	c8-0c1s4s3	4,7,4
 2100	c8-0c1s5s0	4,4,5
 2101	c8-0c1s5s1	4,5,5
 2102	c8-0c1s5s2	4,6,5
 2103	c8-0c1s5s3	4,7,5
 2104	c8-0c1s6s0	4,4,6
 2105	c8-0c1s6s1	4,5,6
 2106	c8-0c1s6s2	4,6,6
 2107	c8-0c1s6s3	4,7,6
 2108	c8-0c1s7s0	4,4,7
 2109	c8-0c1s7s1	4,5,7
 2110	c8-0c1s7s2	4,6,7
 2111	c8-0c1s7s3	4,7,7
 2112	c8-0c2s0s0	4,8,0
 2113	c8-0c2s0s1	4,9,0
 2114	c8-0c2s0s2	4,10,0
 2115	c8-0c2s0s3	4,11,0
 2116	c8-0c2s1s0	4,8,1
 2117	c8-0c2s1s1	4,9,1
 2118	c8-0c2s1s2	4,10,1
 2119	c8-0c2s1s3	4,11,1
 2120	c8-0c2s2s0	4,8,2
 2121	c8-0c2s2s1	4,9,2
 2122	c8-0c2s2s2	4,10,2
 2123	c8-0c2s2s3	4,11,2
 2124	c8-0c2s3s0	4,8,3
 2125	c8-0c2s3s1	4,9,3
 2126	c8-0c2s3s2	4,10,3
 2127	c8-0c2s3s3	4,11,3
 2128	c8-0c2s4s0	4,8,4
 2129	c8-0c2s4s1	4,9,4
 2130	c8-0c2s4s2	4,10,4
 2131	c8-0c2s4s3	4,11,4
 2132	c8-0c2s5s0	4,8,5
 2133	c8-0c2s5s1	4,9,5
 2134	c8-0c2s5s2	4,10,5
 2135	c8-0c2s5s3	4,11,5
 2136	c8-0c2s6s0	4,8,6
 2137	c8-0c2s6s1	4,9,6
 2138	c8-0c2s6s2	4,10,6
 2139	c8-0c2s6s3	4,11,6
 2140	c8-0c2s7s0	4,8,7
 2141	c8-0c2s7s1	4,9,7
 2142	c8-0c2s7s2	4,10,7
 2143	c8-0c2s7s3	4,11,7
 2176	c8-1c0s0s0	4,8,15
 2177	c8-1c0s0s1	4,9,15
 2178	c8-1c0s0s2	4,10,15
 2179	c8-1c0s0s3	4,11,15
 2180	c8-1c0s1s0	4,8,14
 2181	c8-1c0s1s1	4,9,14
 2182	c8-1c0s1s2	4,10,14
 2183	c8-1c0s1s3	4,11,14
 2184	c8-1c0s2s0	4,8,13
 2185	c8-1c0s2s1	4,9,13
 2186	c8-1c0s2s2	4,10,13
 2187	c8-1c0s2s3	4,11,13
 2188	c8-1c0s3s0	4,8,12
 2189	c8-1c0s3s1	4,9,12
 2190	c8-1c0s3s2	4,10,12
 2191	c8-1c0s3s3	4,11,12
 2192	c8-1c0s4s0	4,8,11
 2193	c8-1c0s4s1	4,9,11
 2194	c8-1c0s4s2	4,10,11
 2195	c8-1c0s4s3	4,11,11
 2196	c8-1c0s5s0	4,8,10
 2197	c8-1c0s5s1	4,9,10
 2198	c8-1c0s5s2	4,10,10
 2199	c8-1c0s5s3	4,11,10
 2200	c8-1c0s6s0	4,8,9
 2201	c8-1c0s6s1	4,9,9
 2202	c8-1c0s6s2	4,10,9
 2203	c8-1c0s6s3	4,11,9
 2204	c8-1c0s7s0	4,8,8
 2205	c8-1c0s7s1	4,9,8
 2206	c8-1c0s7s2	4,10,8
 2207	c8-1c0s7s3	4,11,8
 2208	c8-1c1s0s0	4,4,15
 2209	c8-1c1s0s1	4,5,15
 2210	c8-1c1s0s2	4,6,15
 2211	c8-1c1s0s3	4,7,15
 2212	c8-1c1s1s0	4,4,14
 2213	c8-1c1s1s1	4,5,14
 2214	c8-1c1s1s2	4,6,14
 2215	c8-1c1s1s3	4,7,14
 2216	c8-1c1s2s0	4,4,13
 2217	c8-1c1s2s1	4,5,13
 2218	c8-1c1s2s2	4,6,13
 2219	c8-1c1s2s3	4,7,13
 2220	c8-1c1s3s0	4,4,12
 2221	c8-1c1s3s1	4,5,12
 2222	c8-1c1s3s2	4,6,12
 2223	c8-1c1s3s3	4,7,12
 2224	c8-1c1s4s0	4,4,11
 2225	c8-1c1s4s1	4,5,11
 2226	c8-1c1s4s2	4,6,11
 2227	c8-1c1s4s3	4,7,11
 2228	c8-1c1s5s0	4,4,10
 2229	c8-1c1s5s1	4,5,10
 2230	c8-1c1s5s2	4,6,10
 2231	c8-1c1s5s3	4,7,10
 2232	c8-1c1s6s0	4,4,9
 2233	c8-1c1s6s1	4,5,9
 2234	c8-1c1s6s2	4,6,9
 2235	c8-1c1s6s3	4,7,9
 2236	c8-1c1s7s0	4,4,8
 2237	c8-1c1s7s1	4,5,8
 2238	c8-1c1s7s2	4,6,8
 2239	c8-1c1s7s3	4,7,8
 2240	c8-1c2s0s0	4,0,15
 2241	c8-1c2s0s1	4,1,15
 2242	c8-1c2s0s2	4,2,15
 2243	c8-1c2s0s3	4,3,15
 2244	c8-1c2s1s0	4,0,14
 2245	c8-1c2s1s1	4,1,14
 2246	c8-1c2s1s2	4,2,14
 2247	c8-1c2s1s3	4,3,14
 2248	c8-1c2s2s0	4,0,13
 2249	c8-1c2s2s1	4,1,13
 2250	c8-1c2s2s2	4,2,13
 2251	c8-1c2s2s3	4,3,13
 2252	c8-1c2s3s0	4,0,12
 2253	c8-1c2s3s1	4,1,12
 2254	c8-1c2s3s2	4,2,12
 2255	c8-1c2s3s3	4,3,12
 2256	c8-1c2s4s0	4,0,11
 2257	c8-1c2s4s1	4,1,11
 2258	c8-1c2s4s2	4,2,11
 2259	c8-1c2s4s3	4,3,11
 2260	c8-1c2s5s0	4,0,10
 2261	c8-1c2s5s1	4,1,10
 2262	c8-1c2s5s2	4,2,10
 2263	c8-1c2s5s3	4,3,10
 2264	c8-1c2s6s0	4,0,9
 2265	c8-1c2s6s1	4,1,9
 2266	c8-1c2s6s2	4,2,9
 2267	c8-1c2s6s3	4,3,9
 2268	c8-1c2s7s0	4,0,8
 2269	c8-1c2s7s1	4,1,8
 2270	c8-1c2s7s2	4,2,8
 2271	c8-1c2s7s3	4,3,8
 2304	c9-0c0s0s0	6,0,0
 2305	c9-0c0s0s1	6,1,0
 2306	c9-0c0s0s2	6,2,0
 2307	c9-0c0s0s3	6,3,0
 2308	c9-0c0s1s0	6,0,1
 2309	c9-0c0s1s1	6,1,1
 2310	c9-0c0s1s2	6,2,1
 2311	c9-0c0s1s3	6,3,1
 2312	c9-0c0s2s0	6,0,2
 2313	c9-0c0s2s1	6,1,2
 2314	c9-0c0s2s2	6,2,2
 2315	c9-0c0s2s3	6,3,2
 2316	c9-0c0s3s0	6,0,3
 2317	c9-0c0s3s1	6,1,3
 2318	c9-0c0s3s2	6,2,3
 2319	c9-0c0s3s3	6,3,3
 2320	c9-0c0s4s0	6,0,4
 2321	c9-0c0s4s1	6,1,4
 2322	c9-0c0s4s2	6,2,4
 2323	c9-0c0s4s3	6,3,4
 2324	c9-0c0s5s0	6,0,5
 2325	c9-0c0s5s1	6,1,5
 2326	c9-0c0s5s2	6,2,5
 2327	c9-0c0s5s3	6,3,5
 2328	c9-0c0s6s0	6,0,6
 2329	c9-0c0s6s1	6,1,6
 2330	c9-0c0s6s2	6,2,6
 2331	c9-0c0s6s3	6,3,6
 2332	c9-0c0s7s0	6,0,7
 2333	c9-0c0s7s1	6,1,7
 2334	c9-0c0s7s2	6,2,7
 2335	c9-0c0s7s3	6,3,7
 2336	c9-0c1s0s0	6,4,0
 2337	c9-0c1s0s1	6,5,0
 2338	c9-0c1s0s2	6,6,0
 2339	c9-0c1s0s3	6,7,0
 2340	c9-0c1s1s0	6,4,1
 2341	c9-0c1s1s1	6,5,1
 2342	c9-0c1s1s2	6,6,1
 2343	c9-0c1s1s3	6,7,1
 2344	c9-0c1s2s0	6,4,2
 2345	c9-0c1s2s1	6,5,2
 2346	c9-0c1s2s2	6,6,2
 2347	c9-0c1s2s3	6,7,2
 2348	c9-0c1s3s0	6,4,3
 2349	c9-0c1s3s1	6,5,3
 2350	c9-0c1s3s2	6,6,3
 2351	c9-0c1s3s3	6,7,3
 2352	c9-0c1s4s0	6,4,4
 2353	c9-0c1s4s1	6,5,4
 2354	c9-0c1s4s2	6,6,4
 2355	c9-0c1s4s3	6,7,4
 2356	c9-0c1s5s0	6,4,5
 2357	c9-0c1s5s1	6,5,5
 2358	c9-0c1s5s2	6,6,5
 2359	c9-0c1s5s3	6,7,5
 2360	c9-0c1s6s0	6,4,6
 2361	c9-0c1s6s1	6,5,6
 2362	c9-0c1s6s2	6,6,6
 2363	c9-0c1s6s3	6,7,6
 2364	c9-0c1s7s0	6,4,7
 2365	c9-0c1s7s1	6,5,7
 2366	c9-0c1s7s2	6,6,7
 2367	c9-0c1s7s3	6,7,7
 2368	c9-0c2s0s0	6,8,0
 2369	c9-0c2s0s1	6,9,0
 2370	c9-0c2s0s2	6,10,0
 2371	c9-0c2s0s3	6,11,0
 2372	c9-0c2s1s0	6,8,1
 2373	c9-0c2s1s1	6,9,1
 2374	c9-0c2s1s2	6,10,1
 2375	c9-0c2s1s3	6,11,1
 2376	c9-0c2s2s0	6,8,2
 2377	c9-0c2s2s1	6,9,2
 2378	c9-0c2s2s2	6,10,2
 2379	c9-0c2s2s3	6,11,2
 2380	c9-0c2s3s0	6,8,3
 2381	c9-0c2s3s1	6,9,3
 2382	c9-0c2s3s2	6,10,3
 2383	c9-0c2s3s3	6,11,3
 2384	c9-0c2s4s0	6,8,4
 2385	c9-0c2s4s1	6,9,4
 2386	c9-0c2s4s2	6,10,4
 2387	c9-0c2s4s3	6,11,4
 2388	c9-0c2s5s0	6,8,5
 2389	c9-0c2s5s1	6,9,5
 2390	c9-0c2s5s2	6,10,5
 2391	c9-0c2s5s3	6,11,5
 2392	c9-0c2s6s0	6,8,6
 2393	c9-0c2s6s1	6,9,6
 2394	c9-0c2s6s2	6,10,6
 2395	c9-0c2s6s3	6,11,6
 2396	c9-0c2s7s0	6,8,7
 2397	c9-0c2s7s1	6,9,7
 2398	c9-0c2s7s2	6,10,7
 2399	c9-0c2s7s3	6,11,7
 2432	c9-1c0s0s0	6,8,15
 2433	c9-1c0s0s1	6,9,15
 2434	c9-1c0s0s2	6,10,15
 2435	c9-1c0s0s3	6,11,15
 2436	c9-1c0s1s0	6,8,14
 2437	c9-1c0s1s1	6,9,14
 2438	c9-1c0s1s2	6,10,14
 2439	c9-1c0s1s3	6,11,14
 2440	c9-1c0s2s0	6,8,13
 2441	c9-1c0s2s1	6,9,13
 2442	c9-1c0s2s2	6,10,13
 2443	c9-1c0s2s3	6,11,13
 2444	c9-1c0s3s0	6,8,12
 2445	c9-1c0s3s1	6,9,12
 2446	c9-1c0s3s2	6,10,12
 2447	c9-1c0s3s3	6,11,12
 2448	c9-1c0s4s0	6,8,11
 2449	c9-1c0s4s1	6,9,11
 2450	c9-1c0s4s2	6,10,11
 2451	c9-1c0s4s3	6,11,11
 2452	c9-1c0s5s0	6,8,10
 2453	c9-1c0s5s1	6,9,10
 2454	c9-1c0s5s2	6,10,10
 2455	c9-1c0s5s3	6,11,10
 2456	c9-1c0s6s0	6,8,9
 2457	c9-1c0s6s1	6,9,9
 2458	c9-1c0s6s2	6,10,9
 2459	c9-1c0s6s3	6,11,9
 2460	c9-1c0s7s0	6,8,8
 2461	c9-1c0s7s1	6,9,8
 2462	c9-1c0s7s2	6,10,8
 2463	c9-1c0s7s3	6,11,8
 2464	c9-1c1s0s0	6,4,15
 2465	c9-1c1s0s1	6,5,15
 2466	c9-1c1s0s2	6,6,15
 2467	c9-1c1s0s3	6,7,15
 2468	c9-1c1s1s0	6,4,14
 2469	c9-1c1s1s1	6,5,14
 2470	c9-1c1s1s2	6,6,14
 2471	c9-1c1s1s3	6,7,14
 2472	c9-1c1s2s0	6,4,13
 2473	c9-1c1s2s1	6,5,13
 2474	c9-1c1s2s2	6,6,13
 2475	c9-1c1s2s3	6,7,13
 2476	c9-1c1s3s0	6,4,12
 2477	c9-1c1s3s1	6,5,12
 2478	c9-1c1s3s2	6,6,12
 2479	c9-1c1s3s3	6,7,12
 2480	c9-1c1s4s0	6,4,11
 2481	c9-1c1s4s1	6,5,11
 2482	c9-1c1s4s2	6,6,11
 2483	c9-1c1s4s3	6,7,11
 2484	c9-1c1s5s0	6,4,10
 2485	c9-1c1s5s1	6,5,10
 2486	c9-1c1s5s2	6,6,10
 2487	c9-1c1s5s3	6,7,10
 2488	c9-1c1s6s0	6,4,9
 2489	c9-1c1s6s1	6,5,9
 2490	c9-1c1s6s2	6,6,9
 2491	c9-1c1s6s3	6,7,9
 2492	c9-1c1s7s0	6,4,8
 2493	c9-1c1s7s1	6,5,8
 2494	c9-1c1s7s2	6,6,8
 2495	c9-1c1s7s3	6,7,8
 2496	c9-1c2s0s0	6,0,15
 2497	c9-1c2s0s1	6,1,15
 2498	c9-1c2s0s2	6,2,15
 2499	c9-1c2s0s3	6,3,15
 2500	c9-1c2s1s0	6,0,14
 2501	c9-1c2s1s1	6,1,14
 2502	c9-1c2s1s2	6,2,14
 2503	c9-1c2s1s3	6,3,14
 2504	c9-1c2s2s0	6,0,13
 2505	c9-1c2s2s1	6,1,13
 2506	c9-1c2s2s2	6,2,13
 2507	c9-1c2s2s3	6,3,13
 2508	c9-1c2s3s0	6,0,12
 2509	c9-1c2s3s1	6,1,12
 2510	c9-1c2s3s2	6,2,12
 2511	c9-1c2s3s3	6,3,12
 2512	c9-1c2s4s0	6,0,11
 2513	c9-1c2s4s1	6,1,11
 2514	c9-1c2s4s2	6,2,11
 2515	c9-1c2s4s3	6,3,11
 2516	c9-1c2s5s0	6,0,10
 2517	c9-1c2s5s1	6,1,10
 2518	c9-1c2s5s2	6,2,10
 2519	c9-1c2s5s3	6,3,10
 2520	c9-1c2s6s0	6,0,9
 2521	c9-1c2s6s1	6,1,9
 2522	c9-1c2s6s2	6,2,9
 2523	c9-1c2s6s3	6,3,9
 2524	c9-1c2s7s0	6,0,8
 2525	c9-1c2s7s1	6,1,8
 2526	c9-1c2s7s2	6,2,8
 2527	c9-1c2s7s3	6,3,8
 2560	c10-0c0s0s0	5,0,0
 2561	c10-0c0s0s1	5,1,0
 2562	c10-0c0s0s2	5,2,0
 2563	c10-0c0s0s3	5,3,0
 2564	c10-0c0s1s0	5,0,1
 2565	c10-0c0s1s1	5,1,1
 2566	c10-0c0s1s2	5,2,1
 2567	c10-0c0s1s3	5,3,1
 2568	c10-0c0s2s0	5,0,2
 2569	c10-0c0s2s1	5,1,2
 2570	c10-0c0s2s2	5,2,2
 2571	c10-0c0s2s3	5,3,2
 2572	c10-0c0s3s0	5,0,3
 2573	c10-0c0s3s1	5,1,3
 2574	c10-0c0s3s2	5,2,3
 2575	c10-0c0s3s3	5,3,3
 2576	c10-0c0s4s0	5,0,4
 2577	c10-0c0s4s1	5,1,4
 2578	c10-0c0s4s2	5,2,4
 2579	c10-0c0s4s3	5,3,4
 2580	c10-0c0s5s0	5,0,5
 2581	c10-0c0s5s1	5,1,5
 2582	c10-0c0s5s2	5,2,5
 2583	c10-0c0s5s3	5,3,5
 2584	c10-0c0s6s0	5,0,6
 2585	c10-0c0s6s1	5,1,6
 2586	c10-0c0s6s2	5,2,6
 2587	c10-0c0s6s3	5,3,6
 2588	c10-0c0s7s0	5,0,7
 2589	c10-0c0s7s1	5,1,7
 2590	c10-0c0s7s2	5,2,7
 2591	c10-0c0s7s3	5,3,7
 2592	c10-0c1s0s0	5,4,0
 2593	c10-0c1s0s1	5,5,0
 2594	c10-0c1s0s2	5,6,0
 2595	c10-0c1s0s3	5,7,0
 2596	c10-0c1s1s0	5,4,1
 2597	c10-0c1s1s1	5,5,1
 2598	c10-0c1s1s2	5,6,1
 2599	c10-0c1s1s3	5,7,1
 2600	c10-0c1s2s0	5,4,2
 2601	c10-0c1s2s1	5,5,2
 2602	c10-0c1s2s2	5,6,2
 2603	c10-0c1s2s3	5,7,2
 2604	c10-0c1s3s0	5,4,3
 2605	c10-0c1s3s1	5,5,3
 2606	c10-0c1s3s2	5,6,3
 2607	c10-0c1s3s3	5,7,3
 2608	c10-0c1s4s0	5,4,4
 2609	c10-0c1s4s1	5,5,4
 2610	c10-0c1s4s2	5,6,4
 2611	c10-0c1s4s3	5,7,4
 2612	c10-0c1s5s0	5,4,5
 2613	c10-0c1s5s1	5,5,5
 2614	c10-0c1s5s2	5,6,5
 2615	c10-0c1s5s3	5,7,5
 2616	c10-0c1s6s0	5,4,6
 2617	c10-0c1s6s1	5,5,6
 2618	c10-0c1s6s2	5,6,6
 2619	c10-0c1s6s3	5,7,6
 2620	c10-0c1s7s0	5,4,7
 2621	c10-0c1s7s1	5,5,7
 2622	c10-0c1s7s2	5,6,7
 2623	c10-0c1s7s3	5,7,7
 2624	c10-0c2s0s0	5,8,0
 2625	c10-0c2s0s1	5,9,0
 2626	c10-0c2s0s2	5,10,0
 2627	c10-0c2s0s3	5,11,0
 2628	c10-0c2s1s0	5,8,1
 2629	c10-0c2s1s1	5,9,1
 2630	c10-0c2s1s2	5,10,1
 2631	c10-0c2s1s3	5,11,1
 2632	c10-0c2s2s0	5,8,2
 2633	c10-0c2s2s1	5,9,2
 2634	c10-0c2s2s2	5,10,2
 2635	c10-0c2s2s3	5,11,2
 2636	c10-0c2s3s0	5,8,3
 2637	c10-0c2s3s1	5,9,3
 2638	c10-0c2s3s2	5,10,3
 2639	c10-0c2s3s3	5,11,3
 2640	c10-0c2s4s0	5,8,4
 2641	c10-0c2s4s1	5,9,4
 2642	c10-0c2s4s2	5,10,4
 2643	c10-0c2s4s3	5,11,4
 2644	c10-0c2s5s0	5,8,5
 2645	c10-0c2s5s1	5,9,5
 2646	c10-0c2s5s2	5,10,5
 2647	c10-0c2s5s3	5,11,5
 2648	c10-0c2s6s0	5,8,6
 2649	c10-0c2s6s1	5,9,6
 2650	c10-0c2s6s2	5,10,6
 2651	c10-0c2s6s3	5,11,6
 2652	c10-0c2s7s0	5,8,7
 2653	c10-0c2s7s1	5,9,7
 2654	c10-0c2s7s2	5,10,7
 2655	c10-0c2s7s3	5,11,7
 2688	c10-1c0s0s0	5,8,15
 2689	c10-1c0s0s1	5,9,15
 2690	c10-1c0s0s2	5,10,15
 2691	c10-1c0s0s3	5,11,15
 2692	c10-1c0s1s0	5,8,14
 2693	c10-1c0s1s1	5,9,14
 2694	c10-1c0s1s2	5,10,14
 2695	c10-1c0s1s3	5,11,14
 2696	c10-1c0s2s0	5,8,13
 2697	c10-1c0s2s1	5,9,13
 2698	c10-1c0s2s2	5,10,13
 2699	c10-1c0s2s3	5,11,13
 2700	c10-1c0s3s0	5,8,12
 2701	c10-1c0s3s1	5,9,12
 2702	c10-1c0s3s2	5,10,12
 2703	c10-1c0s3s3	5,11,12
 2704	c10-1c0s4s0	5,8,11
 2705	c10-1c0s4s1	5,9,11
 2706	c10-1c0s4s2	5,10,11
 2707	c10-1c0s4s3	5,11,11
 2708	c10-1c0s5s0	5,8,10
 2709	c10-1c0s5s1	5,9,10
 2710	c10-1c0s5s2	5,10,10
 2711	c10-1c0s5s3	5,11,10
 2712	c10-1c0s6s0	5,8,9
 2713	c10-1c0s6s1	5,9,9
 2714	c10-1c0s6s2	5,10,9
 2715	c10-1c0s6s3	5,11,9
 2716	c10-1c0s7s0	5,8,8
 2717	c10-1c0s7s1	5,9,8
 2718	c10-1c0s7s2	5,10,8
 2719	c10-1c0s7s3	5,11,8
 2720	c10-1c1s0s0	5,4,15
 2721	c10-1c1s0s1	5,5,15
 2722	c10-1c1s0s2	5,6,15
 2723	c10-1c1s0s3	5,7,15
 2724	c10-1c1s1s0	5,4,14
 2725	c10-1c1s1s1	5,5,14
 2726	c10-1c1s1s2	5,6,14
 2727	c10-1c1s1s3	5,7,14
 2728	c10-1c1s2s0	5,4,13
 2729	c10-1c1s2s1	5,5,13
 2730	c10-1c1s2s2	5,6,13
 2731	c10-1c1s2s3	5,7,13
 2732	c10-1c1s3s0	5,4,12
 2733	c10-1c1s3s1	5,5,12
 2734	c10-1c1s3s2	5,6,12
 2735	c10-1c1s3s3	5,7,12
 2736	c10-1c1s4s0	5,4,11
 2737	c10-1c1s4s1	5,5,11
 2738	c10-1c1s4s2	5,6,11
 2739	c10-1c1s4s3	5,7,11
 2740	c10-1c1s5s0	5,4,10
 2741	c10-1c1s5s1	5,5,10
 2742	c10-1c1s5s2	5,6,10
 2743	c10-1c1s5s3	5,7,10
 2744	c10-1c1s6s0	5,4,9
 2745	c10-1c1s6s1	5,5,9
 2746	c10-1c1s6s2	5,6,9
 2747	c10-1c1s6s3	5,7,9
 2748	c10-1c1s7s0	5,4,8
 2749	c10-1c1s7s1	5,5,8
 2750	c10-1c1s7s2	5,6,8
 2751	c10-1c1s7s3	5,7,8
 2752	c10-1c2s0s0	5,0,15
 2753	c10-1c2s0s1	5,1,15
 2754	c10-1c2s0s2	5,2,15
 2755	c10-1c2s0s3	5,3,15
 2756	c10-1c2s1s0	5,0,14
 2757	c10-1c2s1s1	5,1,14
 2758	c10-1c2s1s2	5,2,14
 2759	c10-1c2s1s3	5,3,14
 2760	c10-1c2s2s0	5,0,13
 2761	c10-1c2s2s1	5,1,13
 2762	c10-1c2s2s2	5,2,13
 2763	c10-1c2s2s3	5,3,13
 2764	c10-1c2s3s0	5,0,12
 2765	c10-1c2s3s1	5,1,12
 2766	c10-1c2s3s2	5,2,12
 2767	c10-1c2s3s3	5,3,12
 2768	c10-1c2s4s0	5,0,11
 2769	c10-1c2s4s1	5,1,11
 2770	c10-1c2s4s2	5,2,11
 2771	c10-1c2s4s3	5,3,11
 2772	c10-1c2s5s0	5,0,10
 2773	c10-1c2s5s1	5,1,10
 2774	c10-1c2s5s2	5,2,10
 2775	c10-1c2s5s3	5,3,10
 2776	c10-1c2s6s0	5,0,9
 2777	c10-1c2s6s1	5,1,9
 2778	c10-1c2s6s2	5,2,9
 2779	c10-1c2s6s3	5,3,9
 2780	c10-1c2s7s0	5,0,8
 2781	c10-1c2s7s1	5,1,8
 2782	c10-1c2s7s2	5,2,8
 2783	c10-1c2s7s3	5,3,8
