cx0y0c0s0 40 45 
cx0y0c0s1 20 18 20 21 
cx0y0c0s2 19 22 21 21 
cx0y0c0s3 20 20 19 21 
cx0y0c0s4 20 18 18 19 
cx0y0c0s5 20 20 19 18 
cx0y0c0s6 19 18 19 18 
cx0y0c0s7 18 21 19 21 

cx0y0c1s0 37 35 39 37 
cx0y0c1s1 23 20 21 22 
cx0y0c1s2 24 24 21 25 
cx0y0c1s3 23 23 21 25 
cx0y0c1s4 26 23 20 25 
cx0y0c1s5 24 23 23 24 
cx0y0c1s6 23 22 24 22 
cx0y0c1s7 21 26 25 26 

cx0y0c2s0 25 22 23 23 
cx0y0c2s1 29 25 25 27 
cx0y0c2s2 27 26 24 26 
cx0y0c2s3 28 23 25 27 
cx0y0c2s4 28 27 23 27 
cx0y0c2s5 30 24 24 26 
cx0y0c2s6 47 48 48 49 
cx0y0c2s7 28 27 27 28 


cx1y0c0s0 32 34 32 28 
cx1y0c0s1 46 47 41 43 
cx1y0c0s2 44 44 46 48 
cx1y0c0s3 47 49 47 46 
cx1y0c0s4 44 44 49 46 
cx1y0c0s5 44 46 47 46 
cx1y0c0s6 43 44 48 47 
cx1y0c0s7 44 45 45 45 

cx1y0c1s0 44 42 44 46 
cx1y0c1s1 50 47 46 52 
cx1y0c1s2 47 47 48 48 
cx1y0c1s3 50 50 47 50 
cx1y0c1s4 48 51 50 49 
cx1y0c1s5 48 48 51 51 
cx1y0c1s6 49 50 50 47 
cx1y0c1s7 49 50 50 48 

cx1y0c2s0 53 51 54 50 
cx1y0c2s1 54 54 54 55 
cx1y0c2s2 55 53 55 55 
cx1y0c2s3 55 53 54 53 
cx1y0c2s4 53 53 51 55 
cx1y0c2s5 51 54 52 52 
cx1y0c2s6 52 50 54 52 
cx1y0c2s7 49 47 49 49 


cx2y0c0s0 45 44 42 45 
cx2y0c0s1 43 43 42 46 
cx2y0c0s2 45 43 43 47 
cx2y0c0s3 44 42 43 47 
cx2y0c0s4 42 46 47 47 
cx2y0c0s5 47 46 43 44 
cx2y0c0s6 43 45 49 47 
cx2y0c0s7 47 45 44 48 

cx2y0c1s0 48 48 50 49 
cx2y0c1s1 48 44 50 48 
cx2y0c1s2 48 47 51 48 
cx2y0c1s3 46 46 49 51 
cx2y0c1s4 51 48 46 52 
cx2y0c1s5 49 46 50 50 
cx2y0c1s6 47 45 48 50 
cx2y0c1s7 48 40 47 50 

cx2y0c2s0 49 51 48 48 
cx2y0c2s1 52 53 54 54 
cx2y0c2s2 55 55 54 55 
cx2y0c2s3 55 50 52 55 
cx2y0c2s4 53 53 55 52 
cx2y0c2s5 54 51 55 56 
cx2y0c2s6 50 47 53 51 
cx2y0c2s7 50 45 47 51 


cx3y0c0s0 46 42 43 42 
cx3y0c0s1 44 44 44 46 
cx3y0c0s2 45 47 42 45 
cx3y0c0s3 44 45 48 45 
cx3y0c0s4 43 44 43 44 
cx3y0c0s5 47 46 44 46 
cx3y0c0s6 44 42 41 42 
cx3y0c0s7 48 43 46 46 

cx3y0c1s0 47 49 73 51 
cx3y0c1s1 51 47 51 48 
cx3y0c1s2 49 46 49 51 
cx3y0c1s3 48 49 48 51 
cx3y0c1s4 50 47 51 48 
cx3y0c1s5 50 48 50 50 
cx3y0c1s6 49 47 47 50 
cx3y0c1s7 52 48 48 49 

cx3y0c2s0 54 54 54 53 
cx3y0c2s1 56 52 55 54 
cx3y0c2s2 52 53 53 54 
cx3y0c2s3 55 52 52 54 
cx3y0c2s4 51 51 53 54 
cx3y0c2s5 51 53 50 51 
cx3y0c2s6 50 52 53 51 
cx3y0c2s7 52 52 54 52 


cx4y0c0s0 46 45 48 45 
cx4y0c0s1 44 44 47 45 
cx4y0c0s2 48 44 46 46 
cx4y0c0s3 46 44 20 47 
cx4y0c0s4 48 47 44 46 
cx4y0c0s5 45 46 45 44 
cx4y0c0s6 43 44 42 45 
cx4y0c0s7 45 44 42 42 

cx4y0c1s0 47 48 46 47 
cx4y0c1s1 49 49 45 48 
cx4y0c1s2 49 46 44 47 
cx4y0c1s3 51 45 47 50 
cx4y0c1s4 51 51 51 50 
cx4y0c1s5 51 49 48 50 
cx4y0c1s6 47 49 47 48 
cx4y0c1s7 46 47 43 45 

cx4y0c2s0 47 51 54 52 
cx4y0c2s1 53 49 51 51 
cx4y0c2s2 51 54 50 51 
cx4y0c2s3 54 51 51 54 
cx4y0c2s4 54 50 50 53 
cx4y0c2s5 51 52 55 54 
cx4y0c2s6 52 50 52 53 
cx4y0c2s7 55 53 53 54 


cx5y0c0s0 40 36 39 42 
cx5y0c0s1 43 40 44 42 
cx5y0c0s2 43 43 45 47 
cx5y0c0s3 45 47 47 44 
cx5y0c0s4 44 46 42 48 
cx5y0c0s5 44 49 46 46 
cx5y0c0s6 47 47 47 45 
cx5y0c0s7 45 47 47 47 

cx5y0c1s0 45 45 44 46 
cx5y0c1s1 49 49 51 48 
cx5y0c1s2 46 49 45 49 
cx5y0c1s3 51 50 50 46 
cx5y0c1s4 46 45 49 49 
cx5y0c1s5 48 51 48 51 
cx5y0c1s6 47 50 51 48 
cx5y0c1s7 52 54 51 51 

cx5y0c2s0 51 47 50 54 
cx5y0c2s1 52 53 53 52 
cx5y0c2s2 54 56 52 52 
cx5y0c2s3 51 52 52 53 
cx5y0c2s4 53 52 52 53 
cx5y0c2s5 56 55 55 55 
cx5y0c2s6 53 54 52 56 
cx5y0c2s7 53 53 56 51 


cx6y0c0s0 47 44 
cx6y0c0s1 39 43 42 42 
cx6y0c0s2 45 44 47 45 
cx6y0c0s3 43 46 46 47 
cx6y0c0s4 43 48 47 44 
cx6y0c0s5 42 41 41 43 
cx6y0c0s6 43 45 43 40 
cx6y0c0s7 41 43 47 50 

cx6y0c1s0 47 45 42 46 
cx6y0c1s1 50 47 49 49 
cx6y0c1s2 47 45 46 48 
cx6y0c1s3 47 45 48 50 
cx6y0c1s4 47 54 46 52 
cx6y0c1s5 48 48 49 50 
cx6y0c1s6 46 50 51 50 
cx6y0c1s7 45 51 52 48 

cx6y0c2s0 55 48 51 49 
cx6y0c2s1 49 49 49 53 
cx6y0c2s2 51 54 52 51 
cx6y0c2s3 52 54 53 58 
cx6y0c2s4 52 50 54 57 
cx6y0c2s5 55 50 52 52 
cx6y0c2s6 56 53 53 52 
cx6y0c2s7 51 54 53 55 


cx7y0c0s0 43 42 45 44 
cx7y0c0s1 44 45 43 47 
cx7y0c0s2 44 45 46 47 
cx7y0c0s3 45 48 47 49 
cx7y0c0s4 43 44 41 47 
cx7y0c0s5 45 47 44 45 
cx7y0c0s6 44 45 47 47 
cx7y0c0s7 43 44 44 41 

cx7y0c1s0 48 49 48 52 
cx7y0c1s1 48 51 50 47 
cx7y0c1s2 46 50 47 49 
cx7y0c1s3 47 48 46 52 
cx7y0c1s4 49 48 46 47 
cx7y0c1s5 51 49 48 51 
cx7y0c1s6 45 48 46 51 
cx7y0c1s7 45 44 47 47 

cx7y0c2s0 54 49 53 50 
cx7y0c2s1 48 48 54 49 
cx7y0c2s2 53 49 48 53 
cx7y0c2s3 51 51 53 54 
cx7y0c2s4 50 52 48 51 
cx7y0c2s5 53 51 55 51 
cx7y0c2s6 51 48 48 50 
cx7y0c2s7 53 51 53 51 


cx8y0c0s0 47 36 36 43 
cx8y0c0s1 44 43 42 44 
cx8y0c0s2 44 45 43 46 
cx8y0c0s3 40 40 39 42 
cx8y0c0s4 45 45 43 45 
cx8y0c0s5 46 47 43 44 
cx8y0c0s6 42 45 47 44 
cx8y0c0s7 46 42 45 44 

cx8y0c1s0 49 44 47 47 
cx8y0c1s1 45 44 48 48 
cx8y0c1s2 51 50 47 51 
cx8y0c1s3 51 47 50 50 
cx8y0c1s4 49 49 51 50 
cx8y0c1s5 47 47 48 48 
cx8y0c1s6 50 49 47 51 
cx8y0c1s7 46 50 47 48 

cx8y0c2s0 51 47 47 49 
cx8y0c2s1 53 52 50 53 
cx8y0c2s2 49 48 47 48 
cx8y0c2s3 53 51 50 55 
cx8y0c2s4 55 52 54 51 
cx8y0c2s5 51 48 50 50 
cx8y0c2s6 55 24 51 53 
cx8y0c2s7 54 43 52 52 


cx9y0c0s0 44 43 
cx9y0c0s1 41 43 43 39 
cx9y0c0s2 46 43 47 48 
cx9y0c0s3 43 42 44 46 
cx9y0c0s4 43 43 42 44 
cx9y0c0s5 41 42 43 43 
cx9y0c0s6 42 45 43 46 
cx9y0c0s7 38 40 44 44 

cx9y0c1s0 46 43 46 47 
cx9y0c1s1 44 43 43 46 
cx9y0c1s2 50 52 48 47 
cx9y0c1s3 42 47 43 45 
cx9y0c1s4 43 47 45 48 
cx9y0c1s5 49 45 46 47 
cx9y0c1s6 43 43 47 46 
cx9y0c1s7 49 51 48 49 

cx9y0c2s0 48 43 45 48 
cx9y0c2s1 47 47 46 48 
cx9y0c2s2 51 51 50 54 
cx9y0c2s3 48 46 49 49 
cx9y0c2s4 48 49 49 49 
cx9y0c2s5 49 47 47 48 
cx9y0c2s6 47 49 49 47 
cx9y0c2s7 52 48 48 48 


cx10y0c0s0 37 39 40 39 
cx10y0c0s1 40 41 42 41 
cx10y0c0s2 46 44 47 43 
cx10y0c0s3 45 45 47 46 
cx10y0c0s4 40 39 40 39 
cx10y0c0s5 40 43 42 41 
cx10y0c0s6 45 48 43 44 
cx10y0c0s7 40 40 43 41 

cx10y0c1s0 42 42 47 44 
cx10y0c1s1 42 42 43 44 
cx10y0c1s2 46 46 45 46 
cx10y0c1s3 45 44 46 45 
cx10y0c1s4 44 44 44 46 
cx10y0c1s5 46 44 45 43 
cx10y0c1s6 43 44 44 44 
cx10y0c1s7 43 43 43 45 

cx10y0c2s0 46 45 46 45 
cx10y0c2s1 47 46 46 48 
cx10y0c2s2 47 48 46 47 
cx10y0c2s3 48 47 48 47 
cx10y0c2s4 47 46 48 47 
cx10y0c2s5 45 49 47 48 
cx10y0c2s6 48 46 50 49 
cx10y0c2s7 47 47 47 46 



cx0y1c0s0 41 45 
cx0y1c0s1 44 45 
cx0y1c0s2 42 42 
cx0y1c0s3 41 45 
cx0y1c0s4 44 44 
cx0y1c0s5 44 46 
cx0y1c0s6 43 42 44 42 
cx0y1c0s7 40 41 39 39 

cx0y1c1s0 45 45 43 43 
cx0y1c1s1 45 44 42 46 
cx0y1c1s2 45 42 41 47 
cx0y1c1s3 49 43 42 47 
cx0y1c1s4 44 42 40 52 
cx0y1c1s5 45 41 41 47 
cx0y1c1s6 44 48 47 48 
cx0y1c1s7 46 45 46 47 

cx0y1c2s0 47 44 44 50 
cx0y1c2s1 48 44 42 48 
cx0y1c2s2 27 44 19 25 
cx0y1c2s3 48 45 43 48 
cx0y1c2s4 46 46 43 48 
cx0y1c2s5 49 46 44 51 
cx0y1c2s6 44 47 46 47 
cx0y1c2s7 49 45 45 49 


cx1y1c0s0 38 37 38 39 
cx1y1c0s1 39 41 40 41 
cx1y1c0s2 37 38 37 39 
cx1y1c0s3 40 40 40 42 
cx1y1c0s4 39 39 40 40 
cx1y1c0s5 37 39 39 38 
cx1y1c0s6 38 42 40 42 
cx1y1c0s7 38 37 41 40 

cx1y1c1s0 39 40 43 42 
cx1y1c1s1 39 41 38 40 
cx1y1c1s2 40 40 41 44 
cx1y1c1s3 41 41 44 39 
cx1y1c1s4 41 42 46 43 
cx1y1c1s5 42 41 40 41 
cx1y1c1s6 43 41 42 42 
cx1y1c1s7 40 40 42 42 

cx1y1c2s0 43 42 43 44 
cx1y1c2s1 42 41 43 44 
cx1y1c2s2 46 47 45 45 
cx1y1c2s3 44 43 43 46 
cx1y1c2s4 46 41 43 43 
cx1y1c2s5 47 46 47 45 
cx1y1c2s6 44 43 43 44 
cx1y1c2s7 46 44 43 46 


cx2y1c0s0 45 46 
cx2y1c0s1 40 40 42 43 
cx2y1c0s2 40 41 42 40 
cx2y1c0s3 42 43 39 42 
cx2y1c0s4 41 41 40 41 
cx2y1c0s5 39 40 41 41 
cx2y1c0s6 42 41 43 44 
cx2y1c0s7 38 42 43 43 

cx2y1c1s0 45 44 44 47 
cx2y1c1s1 42 44 45 45 
cx2y1c1s2 42 43 43 46 
cx2y1c1s3 45 42 46 52 
cx2y1c1s4 47 45 44 46 
cx2y1c1s5 50 48 47 46 
cx2y1c1s6 44 44 44 45 
cx2y1c1s7 35 44 44 47 

cx2y1c2s0 48 46 45 47 
cx2y1c2s1 49 45 49 46 
cx2y1c2s2 47 49 49 51 
cx2y1c2s3 48 46 48 49 
cx2y1c2s4 51 49 50 49 
cx2y1c2s5 48 48 43 48 
cx2y1c2s6 48 48 50 49 
cx2y1c2s7 48 47 47 49 


cx3y1c0s0 41 41 40 43 
cx3y1c0s1 40 43 42 41 
cx3y1c0s2 41 42 41 40 
cx3y1c0s3 42 42 42 42 
cx3y1c0s4 40 41 42 40 
cx3y1c0s5 38 42 42 43 
cx3y1c0s6 42 41 43 42 
cx3y1c0s7 42 40 40 41 

cx3y1c1s0 45 45 44 46 
cx3y1c1s1 45 44 45 46 
cx3y1c1s2 44 42 44 53 
cx3y1c1s3 44 44 43 45 
cx3y1c1s4 47 46 46 46 
cx3y1c1s5 44 43 43 45 
cx3y1c1s6 44 42 44 47 
cx3y1c1s7 44 44 43 45 

cx3y1c2s0 48 47 46 47 
cx3y1c2s1 47 37 46 45 
cx3y1c2s2 50 48 45 51 
cx3y1c2s3 49 46 48 49 
cx3y1c2s4 49 49 46 49 
cx3y1c2s5 50 47 47 49 
cx3y1c2s6 47 46 46 47 
cx3y1c2s7 47 47 48 48 


cx4y1c0s0 41 41 39 42 
cx4y1c0s1 43 44 42 41 
cx4y1c0s2 43 41 42 42 
cx4y1c0s3 43 40 43 43 
cx4y1c0s4 41 44 42 45 
cx4y1c0s5 43 42 44 43 
cx4y1c0s6 42 43 43 42 
cx4y1c0s7 42 43 42 43 

cx4y1c1s0 44 44 45 46 
cx4y1c1s1 45 44 46 44 
cx4y1c1s2 45 45 45 47 
cx4y1c1s3 46 46 45 46 
cx4y1c1s4 45 46 48 51 
cx4y1c1s5 47 47 46 48 
cx4y1c1s6 48 44 48 47 
cx4y1c1s7 46 46 48 46 

cx4y1c2s0 47 48 47 48 
cx4y1c2s1 48 48 46 48 
cx4y1c2s2 48 46 47 46 
cx4y1c2s3 46 46 47 49 
cx4y1c2s4 50 52 50 51 
cx4y1c2s5 49 51 51 52 
cx4y1c2s6 48 48 50 50 
cx4y1c2s7 47 48 50 49 


cx5y1c0s0 44 45 
cx5y1c0s1 37 39 42 41 
cx5y1c0s2 42 46 44 45 
cx5y1c0s3 45 41 44 44 
cx5y1c0s4 42 43 44 45 
cx5y1c0s5 45 43 44 48 
cx5y1c0s6 42 44 44 42 
cx5y1c0s7 43 44 43 45 

cx5y1c1s0 42 40 41 46 
cx5y1c1s1 46 47 45 46 
cx5y1c1s2 44 43 43 47 
cx5y1c1s3 44 45 43 47 
cx5y1c1s4 42 42 43 46 
cx5y1c1s5 46 47 46 46 
cx5y1c1s6 48 47 47 46 
cx5y1c1s7 50 47 49 48 

cx5y1c2s0 46 46 47 
cx5y1c2s1 50 49 48 51 
cx5y1c2s2 50 47 49 47 
cx5y1c2s3 48 46 46 47 
cx5y1c2s4 47 49 46 48 
cx5y1c2s5 52 50 53 50 
cx5y1c2s6 53 50 49 51 
cx5y1c2s7 51 49 53 52 


cx6y1c0s0 40 41 40 40 
cx6y1c0s1 41 41 40 41 
cx6y1c0s2 42 45 44 40 
cx6y1c0s3 43 40 42 44 
cx6y1c0s4 42 43 44 45 
cx6y1c0s5 45 43 44 42 
cx6y1c0s6 42 42 41 39 
cx6y1c0s7 42 43 44 46 

cx6y1c1s0 46 45 42 46 
cx6y1c1s1 43 42 42 43 
cx6y1c1s2 44 48 46 44 
cx6y1c1s3 44 43 44 45 
cx6y1c1s4 48 49 46 47 
cx6y1c1s5 44 45 43 44 
cx6y1c1s6 43 43 44 46 
cx6y1c1s7 50 50 52 48 

cx6y1c2s0 51 50 49 50 
cx6y1c2s1 48 47 46 47 
cx6y1c2s2 53 49 51 52 
cx6y1c2s3 48 50 47 51 
cx6y1c2s4 48 47 48 49 
cx6y1c2s5 51 50 54 49 
cx6y1c2s6 51 50 54 52 
cx6y1c2s7 57 47 51 52 


cx7y1c0s0 40 42 39 43 
cx7y1c0s1 40 42 40 39 
cx7y1c0s2 42 39 42 42 
cx7y1c0s3 43 42 42 40 
cx7y1c0s4 40 41 40 43 
cx7y1c0s5 44 46 44 45 
cx7y1c0s6 47 47 48 47 
cx7y1c0s7 40 42 44 44 

cx7y1c1s0 48 48 46 49 
cx7y1c1s1 52 47 48 48 
cx7y1c1s2 44 45 43 44 
cx7y1c1s3 43 42 43 44 
cx7y1c1s4 45 46 45 46 
cx7y1c1s5 45 43 46 46 
cx7y1c1s6 46 45 45 46 
cx7y1c1s7 42 44 44 48 

cx7y1c2s0 50 51 51 51 
cx7y1c2s1 55 49 52 57 
cx7y1c2s2 54 48 54 52 
cx7y1c2s3 50 49 51 52 
cx7y1c2s4 50 50 47 50 
cx7y1c2s5 51 48 52 51 
cx7y1c2s6 50 52 50 51 
cx7y1c2s7 51 51 51 55 


cx8y1c0s0 48 44 46 47 
cx8y1c0s1 46 51 47 49 
cx8y1c0s2 41 41 40 41 
cx8y1c0s3 47 43 43 48 
cx8y1c0s4 43 45 45 45 
cx8y1c0s5 47 47 47 46 
cx8y1c0s6 45 44 47 43 
cx8y1c0s7 43 42 44 42 

cx8y1c1s0 46 47 44 47 
cx8y1c1s1 47 47 48 48 
cx8y1c1s2 45 45 46 45 
cx8y1c1s3 48 46 48 46 
cx8y1c1s4 48 47 46 48 
cx8y1c1s5 51 47 50 50 
cx8y1c1s6 44 45 45 46 
cx8y1c1s7 53 52 52 51 

cx8y1c2s0 51 48 49 48 
cx8y1c2s1 49 49 49 51 
cx8y1c2s2 48 48 48 49 
cx8y1c2s3 53 53 50 52 
cx8y1c2s4 51 51 51 51 
cx8y1c2s5 50 50 51 50 
cx8y1c2s6 54 53 54 55 
cx8y1c2s7 54 54 55 58 


cx9y1c0s0 42 41 44 43 
cx9y1c0s1 41 49 41 41 
cx9y1c0s2 42 42 42 42 
cx9y1c0s3 41 44 41 43 
cx9y1c0s4 43 44 42 43 
cx9y1c0s5 41 42 41 45 
cx9y1c0s6 41 42 40 43 
cx9y1c0s7 43 43 42 45 

cx9y1c1s0 45 44 46 44 
cx9y1c1s1 45 45 46 46 
cx9y1c1s2 46 44 45 47 
cx9y1c1s3 48 51 45 50 
cx9y1c1s4 46 48 44 48 
cx9y1c1s5 44 52 50 48 
cx9y1c1s6 46 44 46 46 
cx9y1c1s7 46 46 46 45 

cx9y1c2s0 52 49 51 50 
cx9y1c2s1 50 50 46 46 
cx9y1c2s2 49 52 49 50 
cx9y1c2s3 56 54 53 56 
cx9y1c2s4 55 54 56 56 
cx9y1c2s5 55 53 58 54 
cx9y1c2s6 52 51 49 50 
cx9y1c2s7 50 47 48 51 


cx10y1c0s0 44 42 43 45 
cx10y1c0s1 43 45 44 43 
cx10y1c0s2 42 43 43 45 
cx10y1c0s3 45 42 44 46 
cx10y1c0s4 42 44 43 46 
cx10y1c0s5 43 44 44 43 
cx10y1c0s6 42 46 46 44 
cx10y1c0s7 45 43 46 45 

cx10y1c1s0 45 46 46 49 
cx10y1c1s1 45 45 46 46 
cx10y1c1s2 47 46 45 47 
cx10y1c1s3 49 49 46 53 
cx10y1c1s4 49 48 47 50 
cx10y1c1s5 47 46 48 47 
cx10y1c1s6 46 47 46 51 
cx10y1c1s7 48 49 50 49 

cx10y1c2s0 51 51 52 50 
cx10y1c2s1 52 50 50 51 
cx10y1c2s2 50 49 51 50 
cx10y1c2s3 52 52 50 51 
cx10y1c2s4 53 52 51 52 
cx10y1c2s5 52 50 50 53 
cx10y1c2s6 51 49 52 52 
cx10y1c2s7 52 50 51 56 
